$SPEC_ID:
No sample description was entered.
$SPEC_REM:
DET# 1
DETDESC# PHY-0040-01 Easy-MCA-8k SN 21098639
AP# Maestro Version 7.01
$DATE_MEA:
02/02/2023 15:34:39
$MEAS_TIM:
136 138
$DATA:
0 4095
       0
       0
       0
       0
       0
       0
       0
       1
       0
       0
       1
       0
       0
       0
       0
       0
       1
       2
       7
       1
       5
       6
       6
       4
      20
      15
      15
      13
      11
      14
      16
      15
      31
      41
      98
      82
     125
      98
      97
     105
     109
      86
      97
     116
      99
      95
      86
     111
     107
     108
     108
     100
     102
     108
     113
      88
      94
     109
     101
     112
     102
     105
     131
     113
     107
     105
      97
      95
     117
      87
      90
     105
     114
     102
     120
     118
     126
     111
     138
     143
     154
     156
     146
     155
     163
     184
     190
     210
     210
     238
     235
     244
     246
     214
     248
     241
     240
     282
     240
     243
     236
     205
     217
     226
     224
     209
     187
     204
     191
     164
     148
     148
     138
     147
     115
     142
     119
     124
     119
     100
     125
     105
     110
     109
      93
      90
     129
     117
      87
     112
     108
      98
     106
     112
     110
     114
     128
     117
     110
     102
     113
     102
     122
     123
     107
     127
     103
     104
     119
     108
     111
     104
     105
     111
     124
     114
     116
     113
      97
      98
     118
     109
     104
     138
     133
     116
     113
     126
     128
     121
     127
     107
     120
     124
     105
     131
     114
     101
     126
     115
     109
     121
     121
     127
     122
     125
     124
     126
     114
     124
     112
     118
     119
     112
     138
     109
     148
     133
     116
     120
     128
     120
     113
     127
     116
     138
     115
     130
     108
     131
     150
      96
     131
     122
     119
     119
     120
     134
     132
     129
     133
     134
     133
     132
     121
     118
     131
     131
     135
     126
     133
     128
     135
     148
     150
     137
     140
     150
     124
     115
     142
     150
     146
     150
     138
     139
     141
     141
     145
     167
     149
     147
     133
     151
     162
     143
     157
     127
     141
     148
     152
     137
     145
     163
     128
     115
     142
     146
     133
     148
     129
     143
     150
     149
     140
     142
     139
     135
     123
     146
     142
     144
     131
     127
     148
     143
     134
     134
     139
     131
     135
     148
     132
     104
     157
     150
     144
     137
     152
     125
     145
     147
     147
     148
     141
     159
     155
     157
     160
     164
     169
     174
     164
     173
     207
     174
     176
     197
     198
     208
     218
     210
     210
     209
     219
     225
     224
     245
     233
     265
     262
     265
     290
     250
     279
     258
     274
     274
     280
     269
     270
     266
     284
     274
     256
     259
     291
     267
     247
     252
     249
     265
     251
     248
     226
     217
     228
     204
     198
     198
     206
     223
     225
     178
     170
     203
     175
     171
     187
     171
     167
     154
     141
     203
     188
     156
     174
     162
     156
     141
     145
     143
     132
     141
     127
     142
     163
     158
     148
     145
     138
     155
     141
     140
     119
     126
     129
     117
     134
     123
     128
     111
     129
     140
     167
     123
     119
     120
     137
     117
     144
     133
     125
     115
     138
     111
     115
     125
     119
     127
     120
     122
     138
     106
     111
     123
     108
     123
     125
     133
     133
     152
     116
     147
     124
     116
     133
     101
     123
     114
     117
     132
     121
     112
     125
     129
     107
     110
     124
     124
     142
     108
     125
     121
     114
     134
     124
     128
     106
     133
     144
     110
     125
     116
     116
     123
     115
     118
     135
     124
     114
     115
     116
     125
     121
     117
     134
     109
     114
     131
     125
      97
     118
     115
     117
     126
     145
     142
     121
     118
     131
     102
     130
     130
     113
     132
     147
     138
     149
     123
     120
     140
     145
     133
     135
     123
     139
     114
     142
     132
     130
     124
     139
     117
     122
     110
     117
     139
     132
     129
     140
     124
     124
     145
     141
     129
     163
     148
     135
     145
     151
     155
     143
     129
     142
     149
     147
     142
     148
     136
     141
     152
     148
     156
     147
     142
     174
     156
     158
     152
     143
     165
     154
     157
     153
     152
     155
     158
     162
     155
     179
     168
     154
     176
     171
     145
     142
     142
     170
     147
     177
     133
     162
     188
     158
     179
     178
     159
     153
     173
     156
     179
     147
     149
     185
     173
     174
     151
     164
     172
     149
     189
     154
     159
     169
     177
     145
     174
     165
     159
     170
     147
     165
     153
     172
     162
     157
     165
     148
     151
     154
     174
     163
     142
     163
     148
     140
     163
     157
     149
     141
     141
     148
     162
     145
     165
     150
     140
     141
     140
     155
     129
     143
     149
     148
     145
     155
     148
     147
     184
     156
     160
     149
     176
     162
     133
     149
     124
     143
     122
     148
     134
     137
     141
     137
     130
     141
     140
     143
     132
     117
     148
     141
     150
     148
     126
     114
     155
     133
     130
     119
     145
     124
     128
     109
     146
     144
     132
     124
     142
     122
     132
     151
     128
     130
     132
     121
     130
     140
     125
     122
     136
     124
     131
     138
     119
     135
     125
     140
     137
     104
     151
     123
     138
     129
     101
     117
     107
     126
     124
     132
     117
     130
     117
     119
     120
     131
     114
     130
     133
     114
     118
     123
     122
     130
     137
     136
     128
     141
     110
     109
     126
     104
     119
     130
     122
     123
     105
     122
     120
     111
     122
     103
     111
     111
     113
     104
     117
     125
     112
     137
     132
     121
     124
      99
     109
      96
     101
     129
     125
     119
     104
     118
     105
     105
     114
     113
     118
     126
      92
     111
     102
     110
     126
     100
     132
     124
     122
     106
     114
     105
     114
     137
     115
     111
     110
     113
      92
     121
     109
     100
     103
     112
     114
     118
     122
     123
     107
     100
     107
     104
      94
     105
     103
     100
      97
     115
      91
     115
     124
     103
     112
     101
     110
     121
     118
     112
      89
      98
     108
     136
     104
     119
     110
      94
     118
     115
     123
     103
     104
     102
     115
     107
      92
     115
     118
     102
      93
     110
     104
     100
     117
     110
      91
     113
     102
     106
     105
     116
      98
     107
     103
     104
     117
     131
      80
     113
     101
      78
     109
      86
      99
      95
     112
      84
      97
      96
     108
     117
     105
      91
     110
     102
      90
      97
     103
      87
     106
     111
     116
      91
      99
     116
      99
     117
     115
     115
     118
     109
     106
      96
      95
     113
      98
     107
     126
      95
      91
     112
      93
     107
      81
      82
     118
      83
     101
      97
     104
      97
      99
      94
      95
      76
      99
      75
      99
      88
      90
      90
      99
      88
      97
      95
      92
     123
      79
      89
     112
     102
      98
      93
     103
      84
      92
      93
     104
      99
     102
     100
      95
      91
      82
      98
      91
      90
      87
      91
      90
      98
      76
      86
      85
      99
      96
     109
      93
      92
     103
     111
      94
     100
      99
     104
      99
      91
      87
      88
      89
     107
      92
     124
     111
      84
      76
      98
      92
      84
      89
     104
      90
      92
      93
     107
     103
      98
     105
      97
      93
      93
      86
     109
     101
      94
      92
      89
      97
      89
      97
     104
      79
      91
     102
      89
     111
     102
      87
      90
     115
      77
      87
     110
      97
      90
      80
      90
      98
      82
     109
      93
      91
      88
      89
      83
     101
      84
      97
      86
     102
      96
      88
      87
      95
      99
      95
      95
      95
     102
      76
      93
      90
      86
      85
      93
     108
     103
      87
      86
      89
     107
      96
      78
      85
      90
      79
      82
      78
      95
      87
      90
      76
     107
      81
      89
     101
      82
      90
      96
      79
      95
      94
      87
      94
      84
      81
     103
      97
      81
      94
     104
      87
      84
      88
      97
      82
      98
      98
     102
      93
     102
      85
      97
      72
      93
      87
     101
      86
      82
      91
      87
     107
      82
      97
      91
      76
      80
      85
      78
      75
      90
     107
      80
      99
      89
      91
      76
      92
     105
      89
      82
      88
     103
      94
      78
      93
      73
      92
      80
      87
     101
      87
      97
      91
      79
      85
      84
      96
      87
      87
      88
     102
      93
      89
      79
      94
     108
      94
      76
     100
      90
      92
      90
      89
      90
      80
      87
     101
      94
      75
      87
      87
      88
      97
     104
      86
      91
      88
      81
      79
      85
      91
      73
      99
     101
      81
      93
      70
      85
      94
      86
      95
      84
      93
      89
      75
      82
      74
      98
      94
     108
      82
      65
      83
      75
      97
      98
     101
      77
      89
      81
      90
      98
      87
      92
      75
      77
      74
      67
      83
     100
      66
      83
      88
      76
      76
      93
      74
      81
      78
      73
      95
      81
      85
      85
      92
      79
      83
      96
      81
      89
      80
      89
     109
      71
      72
      86
      76
      80
      70
      82
      83
      86
      90
     100
      86
      72
      84
      71
      82
      54
      72
      71
      64
      77
      81
      99
      78
      76
      86
      70
      78
      71
      70
      79
      87
      72
      79
      74
      78
      74
      80
      67
      96
      67
      69
      78
      70
      86
      77
      90
      76
      79
      79
      73
      72
      86
      66
      72
      79
      84
      75
      72
      66
      70
      73
      52
      63
      63
      74
      76
      88
      84
      78
      79
      87
      78
      76
      79
      84
      79
      65
      80
      75
      72
      76
      76
      72
      61
      70
      76
      75
      79
      65
      82
      73
      92
      89
      77
      69
      78
      76
      68
      60
      74
      74
      83
      72
      65
      79
      79
      78
     109
      65
      80
      67
      96
      83
      64
      56
      66
      78
      80
      68
      86
      73
      90
      74
      79
      56
      71
      86
      82
      77
      69
      78
      83
      90
      70
      76
      81
      78
      78
      86
      70
      66
      74
      68
      60
      82
      74
      76
      92
      62
      66
      70
      64
      73
      53
      90
      78
      61
      83
      91
      76
      72
      78
      78
      71
      74
      55
      86
      72
      77
      68
      59
      66
      91
      70
      63
      83
      83
      84
      88
      82
      65
      75
      69
      81
      88
      75
      77
      79
      92
      72
      73
      70
      77
      80
      73
      91
      73
     104
      70
      90
      64
      76
      83
      89
      83
      66
      66
      53
      72
      78
      61
      87
      62
      67
      76
      69
      64
      71
      81
      77
      94
      83
      73
      79
      70
      70
      67
      87
      73
      69
      78
      79
      71
      61
      83
      88
      80
      76
      78
      74
      76
      88
      68
      88
      81
      86
      75
      66
      66
      69
      76
      80
      72
      92
      77
      78
      90
      66
      57
      94
      92
      70
      62
      75
      72
      88
      65
      84
      67
      71
      74
      78
      82
      66
      65
      83
      82
      75
      79
      74
      85
      70
      73
      82
      67
      78
      78
      60
      72
      69
      93
      90
      80
     113
      93
      95
      66
      83
      85
      85
      80
      87
      62
      81
      93
      94
      94
      90
      88
      82
      94
      92
      80
      73
      90
      87
     101
      93
      87
     102
      82
      88
      95
      86
     100
      90
     103
      88
      95
      93
     108
      83
      65
      97
      81
     108
      97
     107
      79
      81
      76
     103
     108
     100
     106
      91
      93
      94
     130
     101
     116
      93
     117
     112
     120
     120
      94
     108
     114
     109
     130
     120
      96
     102
     132
     111
     107
     137
     114
     150
     135
     127
     125
     136
     139
     128
     146
     124
     147
     129
     123
     127
     149
     120
     153
     151
     155
     142
     137
     141
     151
     139
     145
     147
     157
     148
     154
     151
     180
     145
     153
     160
     144
     172
     181
     162
     158
     173
     191
     160
     144
     175
     174
     163
     147
     175
     184
     174
     181
     161
     150
     185
     163
     152
     166
     169
     157
     158
     160
     162
     184
     174
     173
     163
     154
     176
     164
     189
     187
     153
     158
     176
     170
     160
     162
     148
     175
     174
     137
     169
     166
     161
     155
     159
     161
     125
     162
     157
     169
     166
     148
     153
     157
     155
     155
     161
     172
     147
     168
     147
     152
     151
     149
     164
     164
     136
     146
     113
     140
     134
     141
     142
     128
     141
     144
     131
     114
     136
     114
     118
     127
     114
     134
     145
     134
     136
     110
     128
     108
      99
     123
     127
     106
     103
     128
     112
     103
      99
     101
     112
     112
     103
     117
      96
     102
     109
     117
     110
     112
     106
      92
     111
     100
     103
     100
     111
      84
     105
     100
      99
      94
     110
      85
      87
      94
     103
      95
      83
     103
      96
      92
      85
      90
      74
      91
      78
      72
      90
     101
      97
      70
      86
      82
      95
      80
      89
      80
      86
      97
      89
      81
      92
      83
      83
      85
      89
     101
     103
      74
      90
      80
      86
      76
      81
      81
      71
      80
      76
      74
      84
      77
      84
      83
      87
      75
      74
      85
      89
      91
      78
      93
      75
      91
     100
      76
      92
      79
      72
      86
      60
      85
      80
      83
      81
      87
      80
      76
      93
      78
      84
      95
      75
      77
      82
      86
      76
      72
      91
      88
      75
      85
      77
      95
      88
      74
      79
      90
      98
      80
      69
      82
      88
      89
      86
      86
     105
      74
      75
      72
      77
      87
      91
      85
      87
      71
      72
      82
      82
      71
      88
      80
      70
      68
      67
      86
      92
      98
      68
      71
     105
      81
      87
      85
      86
      78
     100
      77
      90
      98
      81
      86
      82
      83
      87
      74
      68
      72
      75
      78
      74
      84
      83
      76
      82
      84
      76
      91
      72
      81
      87
      95
      85
      83
      87
      82
      71
      88
      87
      79
      92
      75
      93
      78
     103
     100
      80
      73
      85
      83
      88
      86
      84
      89
      87
      73
      86
      80
      77
      84
      96
      87
      80
      89
      79
      87
      85
      83
      61
      85
      86
      68
      76
      90
      99
      76
      96
      82
      78
      70
      72
      90
      76
      69
      89
      87
      83
      78
      88
      73
      87
      99
      86
      77
      85
      74
      76
      64
      66
      79
      76
      91
      88
      81
      86
      88
      73
      75
      79
      90
      85
      76
      81
      93
      93
     106
     103
     103
      80
      92
      82
      73
      91
      97
      92
      98
      65
      82
      89
      92
      96
      73
      89
      85
      80
      95
      83
      84
      84
      99
      78
      83
      94
      77
      75
      75
      74
      93
      77
      82
      85
      89
      84
     100
      93
      80
      92
      87
      85
      88
      83
      88
     116
      83
      97
      86
      93
      90
      87
      82
     106
      85
      87
     105
      82
      88
      78
      88
      75
      91
      95
     102
     102
      89
      92
      89
      95
      85
      75
      72
      87
      81
      88
     102
      97
      82
     108
      87
      94
      82
      96
      90
      89
      92
      98
      78
      91
      92
      83
      99
      81
      66
      95
      93
      87
      90
     103
      95
      86
      88
      87
      99
      84
      91
      97
      90
      81
     103
      90
      83
      93
      85
      94
      93
     102
      98
     100
      74
      90
      90
      96
      95
      91
      79
     101
      93
      89
      92
     104
      93
      99
     100
      88
      86
     108
      87
      91
      92
     103
      99
      81
      96
      86
      93
      94
      86
     103
      91
     101
      93
      89
      86
     104
      95
      94
     102
      93
      78
      97
     108
      99
     111
      96
      96
      98
      97
      93
      92
      90
      95
      99
      87
      91
      79
      85
      79
      91
      93
     104
      97
      97
      89
      83
      87
     104
      88
      82
     108
      90
      88
      71
      88
      81
      95
      92
     112
      72
      88
      85
      91
      88
      83
      89
      89
      91
     105
      81
      85
     104
      89
      94
      89
      97
     104
      89
      80
      98
      97
     103
     111
      86
      95
      79
      97
      91
      73
      81
      88
      81
      94
      90
      80
      98
     115
     101
      78
     108
      97
      82
      75
      96
      92
      90
      95
      92
      88
      96
      99
      73
      88
      93
      83
      80
      98
      93
     100
     111
      83
     103
     108
      87
      94
      87
     105
      87
      88
      95
     101
      90
      81
     102
      82
      78
      95
     119
      89
      98
      91
     102
      87
      96
      72
      78
      82
      82
     107
      93
     102
      82
      99
      81
      88
      97
      93
      92
      83
      93
      90
      95
      80
      78
      92
     102
      68
      74
     106
      82
      89
      94
      99
      76
      86
      90
      83
      91
      87
      95
      87
      71
      94
      74
      89
     102
      95
      99
      76
      81
      80
      97
      86
      99
      88
      87
      80
      82
      96
      92
      74
      83
      86
      85
      85
      97
      84
      90
      78
      85
      77
      96
      85
      76
      88
      84
      71
      83
      92
      83
      92
      67
      74
      81
      83
      90
      70
      76
      74
      79
      87
      75
      80
      77
      67
      70
      67
      67
      73
      75
      54
      86
      86
      71
      73
      78
      64
      70
      85
      78
      64
      69
      58
      64
      67
      61
      89
      58
      68
      76
      61
      85
      72
      74
      84
      69
      79
      86
      70
      54
      69
      58
      71
      72
      72
      72
      56
      83
      71
      76
      67
      54
      78
      74
      68
      63
      73
      51
      68
      59
      52
      60
      51
      57
      65
      70
      56
      61
      72
      76
      57
      72
      67
      61
      71
      57
      53
      54
      55
      60
      55
      63
      61
      65
      39
      63
      63
      72
      74
      61
      71
      55
      63
      51
      60
      61
      74
      49
      66
      67
      74
      65
      51
      63
      64
      66
      45
      69
      57
      52
      77
      66
      58
      55
      49
      57
      56
      55
      63
      77
      51
      61
      57
      66
      52
      50
      54
      48
      54
      43
      56
      52
      60
      48
      59
      52
      55
      59
      63
      47
      67
      62
      57
      60
      67
      56
      64
      56
      61
      58
      56
      58
      49
      55
      55
      64
      49
      68
      69
      53
      41
      66
      50
      71
      58
      51
      60
      63
      59
      55
      63
      57
      50
      40
      56
      46
      53
      51
      43
      58
      64
      54
      54
      46
      61
      53
      53
      53
      44
      50
      52
      65
      54
      61
      68
      66
      53
      56
      59
      54
      55
      52
      68
      51
      53
      55
      68
      53
      64
      55
      53
      57
      52
      52
      55
      51
      66
      60
      62
      71
      56
      72
      56
      56
      55
      63
      71
      58
      65
      65
      53
      52
      59
      51
      67
      43
      64
      76
      62
      51
      57
      49
      56
      49
      56
      68
      62
      41
      40
      39
      54
      49
      68
      59
      64
      58
      48
      50
      60
      57
      53
      68
      46
      45
      47
      59
      57
      56
      59
      57
      45
      44
      47
      47
      54
      71
      62
      48
      66
      57
      65
      47
      69
      60
      70
      53
      51
      66
      65
      46
      59
      61
      57
      53
      56
      58
      72
      54
      50
      46
      49
      58
      56
      62
      50
      56
      45
      46
      56
      56
      50
      58
      66
      53
      68
      75
      59
      57
      60
      59
      69
      60
      79
      71
      68
      50
      61
      55
      72
      64
      55
      68
      59
      72
      75
      76
      77
      65
      68
      74
      61
      78
      70
      74
      65
      66
      67
      81
      79
      78
      55
      59
      70
      57
      52
      74
      77
      82
      70
      68
      81
      80
      73
      80
      87
      87
      89
      73
      67
      89
      81
      81
      94
      89
      80
      68
      84
      79
     103
      86
     103
      98
      82
      96
     103
     100
      95
      89
     103
      98
     101
     110
     102
     123
      92
     101
     114
     109
     120
     113
      99
     109
     111
     123
      93
     113
     125
     130
     136
     125
     121
     133
     119
     124
     123
     118
     137
     126
     142
     152
     132
     119
     149
     136
     124
     134
     132
     147
     145
     149
     163
     155
     155
     157
     133
     153
     176
     161
     161
     153
     158
     155
     190
     180
     171
     173
     176
     183
     185
     145
     172
     160
     179
     167
     153
     187
     201
     160
     167
     188
     168
     176
     181
     184
     194
     197
     218
     174
     187
     200
     204
     200
     186
     244
     200
     189
     190
     213
     207
     198
     183
     200
     178
     204
     200
     179
     206
     227
     190
     186
     195
     210
     221
     194
     210
     208
     223
     204
     226
     191
     203
     201
     194
     209
     202
     191
     217
     190
     207
     194
     199
     201
     202
     199
     202
     209
     220
     170
     185
     201
     206
     217
     202
     195
     204
     192
     213
     184
     184
     193
     176
     190
     190
     206
     184
     187
     207
     165
     191
     181
     177
     200
     224
     190
     181
     148
     164
     175
     152
     154
     183
     154
     164
     178
     131
     154
     154
     151
     165
     152
     153
     145
     175
     167
     185
     151
     129
     142
     148
     155
     146
     149
     133
     115
     154
     124
     147
     131
     131
     129
     134
     133
     132
     100
     121
     136
     120
     112
     123
     127
      98
     124
     105
     121
      99
     121
      99
      88
     103
     105
      97
      93
     100
      93
      96
      87
     110
      90
      98
      84
      79
      98
      93
      89
      69
      86
      63
      79
      75
      93
      74
      73
      69
      64
      75
      68
      70
      71
      59
      54
      75
      59
      65
      60
      46
      60
      70
      57
      65
      52
      45
      51
      61
      69
      55
      69
      53
      50
      59
      58
      46
      38
      57
      41
      44
      50
      46
      36
      58
      43
      37
      46
      35
      47
      50
      37
      42
      44
      44
      39
      54
      39
      41
      46
      39
      39
      36
      32
      23
      29
      35
      23
      43
      30
      41
      38
      27
      30
      38
      46
      51
      37
      26
      40
      44
      38
      34
      31
      33
      35
      28
      47
      29
      44
      36
      37
      41
      39
      39
      36
      39
      29
      34
      30
      42
      31
      39
      34
      44
      38
      37
      27
      36
      49
      41
      32
      43
      43
      40
      49
      46
      38
      48
      47
      58
      42
      35
      47
      56
      42
      48
      54
      55
      45
      46
      51
      65
      50
      58
      42
      62
      61
      56
      59
      42
      76
      67
      65
      63
      73
      69
      73
      78
      76
      76
      71
      62
      63
      74
      76
      83
      64
      80
      77
      89
      74
      79
      89
      87
      77
      94
      81
      91
      92
      94
      93
      84
      88
      85
      90
      94
      98
      95
      99
     108
      83
     107
     108
      90
     114
     109
     113
     110
      99
     106
     109
     120
     100
     124
     124
     109
     104
     112
     135
     118
     122
     115
     111
     132
      99
     123
     115
     127
     130
     126
     131
     136
     140
     138
     152
     117
     118
     146
     147
     125
     131
     151
     149
     146
     139
     132
     119
     139
     138
     127
     140
     139
     149
     149
     159
     136
     130
     149
     140
     146
     147
     146
     135
     127
     134
     152
     153
     137
     150
     157
     151
     146
     155
     165
     148
     172
     156
     146
     161
     161
     144
     151
     162
     173
     162
     149
     148
     143
     158
     154
     164
     154
     161
     147
     169
     143
     146
     153
     133
     142
     151
     135
     165
     154
     170
     152
     142
     156
     141
     130
     181
     135
     128
     149
     148
     129
     148
     153
     125
     143
     139
     140
     149
     135
     144
     142
     118
     133
     123
     145
     134
     112
     123
     144
     141
     113
     137
     129
     114
     122
     123
     117
     110
     123
     111
     118
     121
     112
     136
     118
     103
     121
     121
     120
     121
     105
     133
     108
     113
     110
     106
     109
     103
     117
     118
     106
     106
      88
     100
      85
     105
     112
     102
     104
     113
      95
      84
     101
      83
      82
      87
      77
      94
      89
      85
      81
      83
      80
      77
      61
      82
      72
      81
      74
      65
      62
      65
      70
      77
      67
      61
      53
      77
      60
      56
      51
      62
      64
      47
      48
      48
      58
      51
      53
      48
      51
      58
      47
      56
      49
      61
      49
      60
      43
      49
      51
      48
      41
      43
      54
      44
      38
      49
      45
      48
      35
      33
      42
      50
      47
      36
      48
      42
      37
      24
      46
      36
      34
      33
      31
      36
      27
      32
      26
      32
      30
      39
      26
      27
      22
      28
      27
      28
      30
      29
      36
      22
      23
      28
      18
      16
      11
      25
      23
      18
      28
      20
      19
      26
      24
      19
      22
      20
      12
      23
      20
      10
       9
      16
      22
      22
      15
      13
      13
      16
      13
      13
      24
      14
      15
      12
      11
      15
      11
      15
      12
      10
      12
      11
      13
      12
      15
       9
      10
      11
      25
      14
      11
      12
      10
       8
       8
       9
      10
       9
      12
       8
      18
       9
      10
       9
      10
       9
       6
       7
      13
       8
      11
       9
      10
      18
      14
      12
       7
       9
      12
       7
       7
       2
      11
       5
      12
      15
       5
      10
       8
      11
      10
       5
       7
      11
       7
      13
       7
       6
      10
       7
      11
       7
       5
       7
       6
      12
       8
       5
       8
       7
      12
       6
       7
       7
       6
       8
       9
       7
       8
       5
       6
       5
       6
       6
      12
       3
      11
       3
       9
       6
       6
       9
      11
       9
       5
       8
       6
       5
       4
       8
       7
       7
       8
       5
       6
       7
      10
       5
       9
       4
       5
       4
       7
       6
       6
       5
      12
       7
       7
      13
      15
       6
       6
       5
       6
       9
       8
       7
       6
       8
       6
       8
       8
       8
       8
      10
       7
       8
       1
       6
       8
       7
       7
       8
       3
       6
       3
       7
      11
       3
       8
       6
       6
       8
       9
       6
       5
       3
       8
       5
       6
       9
       6
       6
       5
       6
       6
       5
       8
       6
       7
       3
       8
       4
       8
       5
       3
       5
       7
       3
      10
       1
       5
       9
      11
       8
       9
       5
       5
      11
       8
       4
      10
       3
       2
       3
       9
       6
       5
       6
       6
       3
      10
       4
       7
       4
       7
       8
       6
       4
       6
       7
       5
       5
       5
       6
       7
       7
       4
       7
       3
       5
       1
       2
      12
       5
       4
       4
       6
       5
       3
       7
       7
       3
       9
       4
       4
       5
       9
       2
       6
       4
       5
       9
       6
       6
       8
       3
       3
       8
       8
       9
       7
       9
       5
       6
       6
       8
       8
       7
       3
       2
      10
       6
       5
       8
       9
       6
      12
       9
      10
       6
       9
       2
       2
       8
       3
       4
      10
       2
       5
       4
       6
       4
       9
       8
       4
       8
       5
      10
       5
       6
       6
       4
       4
       8
       6
       1
       4
       5
       6
       5
       4
       6
       2
       7
       6
       7
       3
       8
       6
       7
       6
       4
       5
       3
       7
       2
       2
       8
       3
       2
       6
       6
       9
       4
       4
       2
       2
      10
       3
       3
       6
       2
       2
       1
       0
       0
       1
       0
       0
       0
       0
       0
       2
       0
       0
       1
       0
       1
       0
       0
       1
       2
       0
       0
       0
       0
       1
       0
       0
       2
       0
       0
       0
       0
       0
       0
       1
       0
       0
       1
       0
       0
       0
       0
       1
       1
       0
       1
       0
       1
       0
       0
       0
       0
       0
       0
       0
       0
       0
       1
       1
       0
       0
       0
       0
       0
       0
       0
       0
       0
       0
       0
       0
       0
       1
       0
       0
       0
       0
       1
       0
       0
       0
       0
       0
       0
       0
       0
       0
       0
       0
       0
       0
       0
       0
       0
       0
       0
       0
       1
       0
       0
       0
       1
       0
       0
       0
       0
       0
       0
       0
       0
       0
       0
       0
       0
       0
       0
       1
       0
       0
       0
       0
       0
       0
       0
       0
       0
       0
       0
       0
       0
       0
       0
       0
       0
       0
       0
       1
       0
       0
       0
       0
       0
       0
       0
       0
       0
       0
       0
       0
       0
       0
       0
       0
       0
       0
       0
       0
       1
       0
       0
       0
       0
       0
       0
       0
       0
       0
       0
       0
       0
       0
       0
       0
       0
       0
       0
       0
       0
       0
       0
       0
       0
       0
       0
       0
       0
       0
       0
       0
       0
       0
       0
       0
       0
       0
       0
       0
       0
       0
       0
       0
       0
       0
       0
       0
       0
       0
       0
       0
       0
       0
       0
       0
       0
       0
       0
       0
       0
       0
       0
       0
       0
       0
       0
       0
       0
       0
       0
       0
       0
       0
       0
       0
       0
       0
       0
       0
       0
       0
       0
       0
       0
       0
       0
       0
       0
       0
       0
       0
       0
       0
       0
       0
       0
       0
       0
       0
       0
       0
       0
       0
       0
       0
       0
       0
       0
       0
       0
       0
       0
       0
       0
       0
       0
       0
       0
       0
       0
       0
       0
       0
$ROI:
4
283 403
1560 1772
2695 3029
3074 3472
$PRESETS:
None
0
0
$ENER_FIT:
-38.429451 0.420540
$MCA_CAL:
3
-3.842945E+001 4.205404E-001 0.000000E+000 keV
$SHAPE_CAL:
3
-1.865504E+002 1.166105E-001 0.000000E+000
