$SPEC_ID:
No sample description was entered.
$SPEC_REM:
DET# 1
DETDESC# PHY-0040-01 Easy-MCA-8k SN 21098639
AP# Maestro Version 7.01
$DATE_MEA:
02/02/2023 15:25:18
$MEAS_TIM:
63 63
$DATA:
0 4095
       0
       0
       0
       0
       0
       0
       0
       0
       0
       0
       0
       0
       0
       0
       0
       0
       0
       0
       0
       0
       0
       0
       0
       0
       0
       0
       0
       0
       0
       0
       0
       0
       0
       0
       2
       1
       7
       3
       3
       3
       4
       3
       3
       2
       3
      10
       5
       3
       5
       1
       4
      10
       4
       5
       2
       8
       3
       5
       3
       1
       4
       5
       2
       4
       4
       7
       6
       6
       9
      14
       5
       7
       3
       5
       2
       2
       5
       6
       8
      10
       6
       8
      10
       4
      11
      14
      15
       5
       8
      12
       9
       9
       7
      12
       5
      12
       8
       4
       3
       9
       7
       5
       5
       8
      14
      11
      10
       9
       7
       6
       7
       3
       7
       8
       7
       6
       5
       6
       8
       4
       6
       7
       6
       4
       0
       6
       2
       8
       6
       4
       4
       7
       9
       6
       5
       6
       5
       6
       4
       8
       5
       2
       4
       6
       5
       7
       8
       5
      10
      14
       5
       5
       9
      11
       6
       8
       5
       4
      13
       5
      10
      13
       7
       9
       7
      10
      10
       8
       5
      18
      11
      11
      11
      16
       7
      17
      13
      12
      11
      11
      12
      13
      14
       7
      11
      12
      19
      12
       7
       9
       7
       8
       5
      11
      11
      13
      11
      11
      10
      10
      21
      22
      19
      14
      14
      12
      11
      22
      19
      22
      19
      12
      16
      23
      16
      28
      20
      17
      24
      13
      22
      20
      26
      21
      18
      26
      34
      22
      24
      25
      23
      31
      20
      34
      20
      23
      21
      28
      27
      28
      35
      21
      35
      43
      52
      39
      42
      32
      46
      47
      43
      44
      44
      40
      44
      31
      36
      32
      34
      55
      41
      30
      37
      26
      34
      40
      45
      28
      32
      41
      41
      32
      36
      35
      37
      35
      28
      46
      38
      27
      39
      32
      33
      34
      27
      30
      30
      26
      22
      34
      32
      42
      30
      25
      37
      32
      29
      33
      32
      42
      37
      39
      40
      40
      54
      51
      40
      64
      51
      72
      72
      73
      72
      82
      80
     103
      98
     107
     118
     132
     119
     132
     164
     154
     154
     189
     156
     203
     168
     200
     215
     201
     218
     201
     221
     262
     227
     235
     255
     243
     251
     255
     241
     263
     232
     240
     221
     222
     231
     221
     228
     187
     225
     200
     187
     179
     193
     179
     168
     165
     151
     151
     135
     114
     118
     141
     132
     104
     118
      95
      85
      86
      74
      61
      63
      73
      61
      74
      69
      42
      51
      51
      58
      67
      46
      44
      41
      41
      38
      39
      33
      34
      39
      29
      32
      18
      27
      30
      31
      29
      15
      21
      20
      25
      30
      22
      23
      16
      12
      17
      16
      17
      14
      18
      12
      13
      14
      13
      16
      18
      13
       9
      11
       9
      10
       8
      12
      16
      12
       6
       9
       9
      10
       9
       6
      16
       8
      10
      11
      17
       7
      14
      11
       6
      10
      11
       9
      10
       3
       5
       5
      12
      12
      11
       8
       6
       6
       8
      11
       2
       6
       8
      11
      10
      12
      14
      12
       7
       8
      11
       8
       3
       9
      12
       9
       9
       7
      12
      17
       5
       6
      15
       7
       8
      12
      11
      10
      11
      11
       7
      11
      11
       8
       4
       5
      17
      12
      14
       7
      17
       9
       7
       6
       9
       9
       6
      10
       8
      11
       9
       6
       5
      11
       7
       6
       8
       7
       8
       5
       7
      12
      10
       9
      10
       8
      11
       4
       9
       5
       3
      10
       4
       5
       6
       9
       9
       8
       6
       4
       8
       6
       4
       6
       3
       8
       8
       7
       2
       9
      16
       6
       8
       8
       2
       5
       7
       6
       9
       6
       4
       6
       7
       7
       9
       7
       3
       4
       7
       8
      12
       9
       4
       6
       5
       5
       8
       7
       7
       4
       6
       5
       3
       6
      10
       4
       4
       6
       3
       7
       6
       3
       9
      12
       9
       8
       8
       4
       5
      11
       5
       5
      11
       3
      12
       5
       6
       5
       4
       6
       7
       4
      11
       6
       9
       5
       7
       8
       9
       6
       2
       7
       1
       3
       4
      10
       2
       6
       7
       9
       5
       6
       5
       6
       9
       3
       9
       6
       4
       5
       3
      11
       7
       2
       7
       6
       8
       9
       3
       7
       4
       3
       4
       5
       3
       4
       3
       5
       6
       6
       5
       4
       3
       4
       6
       7
       4
       3
       4
       5
       6
       5
       4
       4
       7
       7
       9
       9
       9
       6
       6
       4
       3
       8
       5
       3
       3
       3
       4
       6
       2
       4
       4
       6
       3
       8
       3
       3
       7
       1
       6
       1
       5
       7
       3
       3
      10
       6
       3
       6
       1
       1
       7
       1
       4
       2
       7
       3
       4
       1
       9
       5
       6
       3
       1
       2
       3
       4
       5
       4
       3
       5
       7
       4
       5
       3
       5
       5
       2
       3
       2
       4
       3
       2
       6
       6
       6
       1
       5
       4
       5
       3
       5
       5
       4
       4
       4
       5
       4
       7
       5
       2
       4
       9
       5
       3
       2
       5
       3
       3
       3
       6
       4
       0
       2
       4
       3
       2
       2
       3
       4
       4
       4
       6
       6
       3
       4
       1
       7
       1
       3
       2
       6
       2
       2
       3
       6
       3
       2
       1
       1
       7
       4
       3
       1
       3
       5
       3
       1
       3
       3
       1
       5
       4
       2
       4
       4
       4
       3
       5
       2
       0
       0
       1
       4
       4
       1
       0
       1
       3
       4
       4
       3
       4
       3
       2
       5
       4
       1
       5
       5
       3
       4
       1
       7
       3
       1
       4
       3
       3
       7
       4
       1
       2
       6
       2
       3
       4
       2
       5
       3
       1
       4
       3
       3
       4
       2
       4
       2
       3
       3
       4
       2
       1
       2
       5
       3
       4
       4
       5
       3
       2
       3
       0
       0
       3
       3
       4
       3
       3
       2
       0
       2
       1
       2
       1
       4
       1
       1
       5
       4
       2
       2
       2
       2
       4
       4
       1
       3
       3
       2
       2
       1
       3
       1
       5
       2
       0
       1
       2
       3
       1
       4
       5
       6
       0
       2
       1
       3
       0
       0
       1
       1
       5
       0
       2
       0
       2
       7
       3
       4
       2
       2
       4
       2
       6
       4
       0
       0
       4
       1
       4
       1
       0
       2
       2
       1
       4
       2
       2
       1
       4
       3
       5
       0
       1
       2
       3
       3
       1
       2
       3
       1
       2
       3
       2
       4
       1
       1
       3
       0
       3
       1
       1
       7
       1
       2
       0
       5
       1
       1
       3
       1
       4
       1
       1
       3
       3
       3
       0
       2
       3
       2
       1
       3
       2
       0
       2
       2
       5
       2
       1
       1
       3
       1
       0
       1
       2
       2
       1
       4
       0
       4
       0
       1
       2
       1
       2
       0
       1
       2
       2
       2
       0
       1
       1
       3
       0
       4
       2
       0
       3
       0
       0
       2
       1
       4
       0
       2
       4
       4
       2
       2
       1
       1
       1
       1
       3
       1
       1
       1
       2
       2
       1
       2
       1
       3
       1
       0
       1
       1
       0
       0
       2
       1
       1
       3
       2
       2
       0
       2
       0
       0
       1
       1
       0
       1
       0
       1
       2
       2
       2
       4
       0
       1
       1
       0
       0
       3
       2
       0
       1
       0
       2
       1
       1
       0
       0
       0
       2
       0
       2
       3
       0
       0
       2
       1
       4
       1
       2
       0
       3
       3
       2
       0
       0
       0
       0
       3
       1
       1
       0
       2
       0
       2
       0
       3
       2
       1
       2
       2
       0
       1
       3
       0
       2
       2
       1
       2
       0
       1
       1
       1
       1
       1
       3
       1
       1
       0
       1
       3
       5
       3
       0
       1
       1
       3
       0
       0
       2
       0
       0
       1
       1
       2
       0
       1
       1
       0
       2
       3
       1
       1
       1
       2
       1
       2
       3
       1
       0
       3
       2
       0
       0
       2
       2
       2
       2
       1
       0
       1
       2
       1
       2
       0
       1
       1
       2
       1
       1
       0
       1
       1
       1
       0
       0
       2
       0
       1
       1
       3
       0
       5
       1
       0
       1
       1
       2
       2
       2
       2
       1
       1
       1
       0
       2
       4
       1
       1
       0
       0
       1
       1
       1
       2
       1
       2
       1
       3
       2
       1
       1
       1
       0
       3
       2
       0
       1
       1
       4
       0
       0
       0
       1
       1
       2
       1
       2
       1
       1
       3
       2
       2
       1
       1
       3
       2
       1
       0
       1
       0
       1
       1
       2
       1
       3
       0
       2
       1
       1
       1
       1
       3
       0
       1
       3
       1
       0
       6
       0
       1
       0
       0
       1
       2
       1
       6
       0
       1
       3
       1
       1
       1
       1
       0
       1
       2
       0
       2
       0
       2
       0
       0
       0
       2
       0
       1
       1
       1
       1
       1
       0
       2
       1
       1
       2
       0
       1
       1
       0
       0
       4
       3
       1
       3
       2
       1
       0
       0
       1
       2
       1
       3
       1
       1
       1
       1
       4
       1
       0
       0
       0
       0
       2
       1
       1
       2
       2
       1
       1
       2
       0
       5
       0
       3
       3
       1
       0
       2
       0
       2
       0
       1
       2
       1
       1
       0
       2
       1
       0
       1
       2
       0
       1
       0
       0
       2
       4
       2
       0
       2
       0
       0
       1
       1
       0
       1
       1
       1
       0
       0
       1
       0
       1
       0
       2
       1
       3
       1
       0
       0
       1
       0
       1
       1
       1
       1
       2
       0
       1
       3
       0
       1
       1
       1
       0
       0
       2
       1
       1
       0
       1
       0
       3
       3
       0
       0
       0
       1
       0
       2
       0
       0
       2
       0
       0
       2
       0
       0
       1
       0
       0
       1
       0
       1
       0
       0
       2
       0
       0
       1
       0
       3
       1
       1
       1
       0
       2
       1
       3
       1
       1
       0
       0
       1
       0
       0
       0
       0
       1
       1
       0
       0
       1
       1
       0
       1
       1
       2
       0
       1
       2
       1
       1
       1
       2
       1
       1
       0
       0
       0
       1
       2
       0
       0
       1
       1
       3
       1
       0
       0
       0
       2
       0
       2
       3
       0
       0
       0
       2
       1
       1
       0
       2
       4
       1
       1
       0
       0
       0
       2
       1
       0
       1
       0
       0
       2
       1
       0
       2
       3
       1
       0
       1
       0
       0
       3
       2
       1
       2
       1
       1
       1
       1
       1
       2
       1
       1
       1
       0
       3
       0
       0
       0
       0
       2
       0
       2
       1
       1
       1
       5
       0
       1
       0
       1
       0
       0
       1
       0
       0
       1
       1
       0
       0
       1
       0
       1
       0
       3
       1
       1
       0
       1
       2
       0
       1
       0
       2
       1
       0
       1
       0
       0
       0
       2
       1
       1
       0
       0
       0
       0
       1
       0
       1
       0
       0
       1
       0
       1
       1
       0
       3
       1
       1
       1
       1
       0
       2
       0
       2
       1
       2
       2
       0
       1
       0
       0
       1
       0
       0
       2
       0
       0
       1
       1
       0
       0
       0
       0
       0
       1
       0
       0
       2
       1
       2
       0
       0
       0
       1
       1
       0
       0
       1
       0
       3
       0
       0
       0
       0
       1
       1
       1
       0
       2
       0
       0
       2
       3
       2
       0
       2
       0
       0
       0
       0
       1
       0
       1
       0
       0
       0
       1
       0
       1
       3
       0
       1
       0
       1
       0
       1
       0
       0
       1
       0
       0
       0
       1
       0
       0
       0
       0
       2
       0
       0
       0
       0
       0
       3
       1
       0
       1
       0
       0
       1
       1
       0
       2
       1
       0
       1
       0
       2
       0
       1
       2
       1
       0
       0
       0
       1
       1
       0
       0
       0
       0
       1
       1
       0
       0
       0
       0
       1
       0
       1
       0
       0
       2
       0
       0
       2
       1
       0
       0
       0
       0
       1
       0
       2
       2
       0
       0
       1
       0
       0
       4
       0
       2
       1
       1
       0
       0
       0
       0
       0
       1
       0
       0
       0
       0
       0
       1
       1
       0
       0
       2
       2
       1
       1
       0
       2
       1
       3
       1
       2
       1
       0
       0
       0
       1
       0
       0
       0
       1
       0
       1
       1
       0
       1
       0
       0
       1
       0
       0
       0
       0
       0
       3
       0
       3
       0
       1
       1
       0
       0
       0
       2
       2
       0
       2
       0
       0
       0
       1
       0
       1
       1
       0
       0
       1
       0
       1
       0
       1
       0
       0
       0
       1
       0
       3
       1
       2
       1
       0
       1
       0
       0
       0
       0
       1
       0
       0
       1
       1
       0
       0
       0
       0
       0
       0
       0
       0
       0
       0
       0
       0
       1
       0
       0
       0
       0
       0
       1
       0
       0
       0
       1
       1
       1
       0
       1
       0
       0
       0
       0
       2
       0
       0
       3
       1
       0
       1
       0
       0
       0
       1
       1
       1
       0
       1
       0
       1
       1
       0
       0
       1
       1
       1
       0
       0
       0
       0
       0
       1
       1
       0
       0
       0
       1
       1
       0
       2
       0
       0
       0
       2
       0
       0
       1
       1
       0
       0
       0
       0
       1
       1
       0
       1
       0
       0
       0
       3
       0
       0
       0
       0
       0
       0
       1
       0
       1
       0
       0
       0
       0
       4
       1
       1
       0
       2
       0
       0
       0
       0
       0
       0
       0
       1
       0
       0
       0
       1
       0
       1
       0
       1
       0
       1
       0
       0
       0
       0
       0
       1
       1
       0
       0
       0
       1
       2
       0
       0
       0
       0
       0
       0
       1
       1
       0
       0
       1
       0
       1
       1
       0
       0
       0
       1
       1
       1
       0
       0
       1
       0
       0
       1
       1
       0
       1
       0
       1
       2
       1
       1
       0
       1
       1
       3
       0
       0
       0
       0
       0
       1
       2
       0
       0
       0
       0
       0
       1
       0
       0
       1
       1
       0
       0
       0
       1
       0
       0
       1
       0
       0
       1
       1
       1
       0
       0
       0
       1
       1
       1
       0
       0
       0
       0
       0
       0
       0
       1
       2
       0
       2
       1
       2
       0
       0
       1
       1
       0
       0
       1
       0
       0
       0
       0
       1
       1
       0
       0
       0
       1
       0
       1
       0
       0
       0
       0
       2
       0
       1
       2
       1
       1
       0
       0
       0
       0
       1
       0
       0
       0
       0
       0
       0
       1
       1
       0
       1
       2
       0
       0
       2
       0
       1
       1
       0
       0
       0
       0
       0
       1
       0
       0
       0
       0
       0
       0
       0
       0
       1
       0
       0
       1
       0
       0
       0
       0
       0
       1
       0
       2
       0
       1
       0
       0
       1
       0
       0
       1
       2
       0
       1
       0
       0
       1
       0
       1
       0
       0
       0
       1
       1
       0
       1
       0
       0
       0
       1
       2
       0
       0
       0
       1
       1
       3
       1
       1
       0
       1
       2
       0
       1
       0
       0
       1
       0
       0
       0
       0
       0
       1
       0
       0
       0
       1
       0
       0
       0
       0
       0
       1
       4
       0
       0
       1
       2
       1
       0
       2
       1
       2
       1
       0
       0
       0
       0
       1
       0
       0
       0
       0
       0
       1
       1
       1
       1
       0
       1
       0
       0
       0
       1
       1
       0
       0
       1
       0
       2
       0
       0
       1
       0
       1
       0
       1
       2
       0
       0
       0
       0
       1
       0
       0
       1
       0
       1
       0
       0
       0
       0
       1
       0
       0
       0
       0
       0
       0
       0
       1
       1
       1
       0
       1
       1
       0
       1
       0
       0
       1
       0
       3
       0
       1
       0
       0
       0
       0
       2
       0
       0
       1
       0
       1
       0
       1
       0
       0
       0
       0
       0
       0
       0
       1
       0
       2
       0
       0
       0
       0
       1
       2
       0
       0
       1
       0
       0
       1
       0
       1
       1
       0
       1
       0
       1
       2
       1
       1
       0
       0
       0
       0
       2
       0
       0
       0
       1
       1
       0
       0
       0
       0
       0
       0
       0
       0
       0
       1
       0
       0
       0
       0
       0
       0
       0
       1
       0
       0
       0
       0
       0
       2
       0
       1
       0
       0
       1
       0
       0
       0
       1
       0
       0
       0
       0
       1
       0
       1
       0
       1
       0
       0
       0
       1
       0
       0
       0
       0
       0
       0
       0
       1
       0
       0
       1
       0
       0
       0
       0
       1
       1
       0
       1
       0
       0
       0
       1
       0
       2
       0
       0
       0
       0
       0
       0
       1
       0
       1
       0
       0
       0
       0
       1
       1
       1
       0
       0
       1
       0
       0
       1
       1
       1
       1
       2
       0
       1
       1
       0
       2
       2
       1
       0
       0
       1
       0
       1
       0
       1
       0
       0
       1
       2
       0
       2
       0
       0
       0
       1
       0
       1
       0
       0
       0
       1
       0
       1
       1
       1
       0
       0
       0
       1
       0
       0
       0
       0
       0
       1
       0
       0
       0
       0
       1
       0
       1
       0
       0
       0
       2
       0
       1
       0
       0
       0
       1
       0
       1
       0
       0
       0
       0
       0
       0
       0
       0
       0
       1
       0
       0
       0
       1
       0
       1
       0
       0
       0
       0
       0
       0
       1
       0
       0
       0
       0
       0
       0
       0
       0
       1
       0
       0
       1
       0
       0
       0
       0
       0
       0
       1
       1
       0
       0
       2
       0
       0
       0
       0
       0
       0
       0
       1
       0
       0
       0
       0
       0
       0
       0
       1
       0
       0
       0
       2
       1
       0
       0
       0
       1
       0
       0
       0
       0
       0
       0
       0
       0
       0
       0
       0
       0
       0
       1
       1
       0
       0
       0
       1
       0
       0
       1
       0
       0
       0
       0
       0
       0
       0
       0
       1
       0
       0
       1
       0
       2
       0
       0
       1
       1
       0
       0
       1
       0
       0
       0
       0
       0
       0
       2
       0
       0
       0
       0
       0
       0
       1
       0
       0
       0
       0
       0
       1
       0
       0
       0
       0
       0
       0
       0
       0
       3
       1
       0
       0
       1
       0
       0
       0
       1
       0
       0
       0
       0
       1
       0
       0
       0
       0
       0
       0
       0
       0
       1
       0
       0
       0
       0
       1
       0
       0
       0
       0
       0
       1
       0
       0
       0
       1
       0
       0
       0
       1
       1
       0
       1
       1
       1
       1
       1
       0
       1
       0
       0
       0
       0
       0
       0
       0
       0
       0
       1
       0
       0
       0
       1
       0
       1
       1
       0
       1
       0
       1
       0
       0
       0
       0
       0
       0
       0
       0
       0
       0
       1
       0
       0
       0
       0
       0
       0
       2
       0
       0
       0
       0
       0
       1
       0
       0
       0
       0
       1
       1
       0
       2
       2
       0
       1
       0
       0
       0
       2
       0
       0
       0
       0
       0
       0
       0
       0
       1
       0
       0
       0
       1
       1
       0
       0
       0
       0
       0
       2
       1
       1
       0
       0
       0
       1
       0
       0
       0
       0
       0
       1
       0
       0
       0
       1
       0
       0
       0
       0
       1
       1
       0
       0
       0
       0
       0
       0
       0
       1
       0
       0
       1
       0
       0
       0
       0
       0
       0
       0
       1
       0
       0
       1
       0
       2
       0
       1
       0
       1
       1
       0
       0
       0
       0
       0
       1
       0
       0
       0
       0
       1
       1
       0
       0
       0
       0
       0
       0
       0
       0
       0
       0
       0
       1
       0
       0
       0
       1
       0
       0
       0
       1
       0
       0
       1
       0
       2
       0
       0
       1
       0
       0
       0
       0
       0
       0
       0
       1
       1
       1
       0
       0
       0
       0
       0
       0
       1
       0
       0
       0
       0
       0
       0
       0
       0
       0
       0
       0
       0
       1
       0
       0
       1
       1
       0
       0
       0
       0
       1
       0
       0
       0
       0
       0
       0
       0
       0
       0
       0
       0
       0
       2
       0
       0
       1
       0
       0
       1
       0
       0
       0
       0
       1
       0
       1
       0
       0
       0
       0
       0
       1
       0
       1
       0
       0
       0
       1
       0
       0
       2
       0
       1
       1
       1
       0
       0
       1
       0
       0
       0
       0
       0
       0
       0
       2
       0
       0
       0
       0
       0
       0
       0
       0
       0
       0
       0
       0
       0
       1
       0
       1
       1
       0
       0
       0
       0
       1
       0
       0
       0
       0
       0
       0
       1
       1
       0
       0
       0
       0
       0
       0
       2
       2
       0
       1
       0
       0
       0
       0
       0
       0
       0
       0
       0
       0
       1
       1
       1
       0
       0
       0
       1
       0
       0
       0
       0
       0
       1
       0
       0
       0
       0
       0
       1
       0
       0
       1
       0
       0
       0
       0
       1
       2
       0
       0
       0
       0
       0
       0
       0
       1
       0
       0
       0
       0
       0
       0
       1
       0
       0
       0
       0
       0
       0
       1
       2
       0
       2
       0
       0
       0
       0
       1
       0
       0
       0
       0
       0
       0
       0
       1
       0
       1
       0
       0
       1
       0
       0
       0
       0
       0
       0
       0
       0
       0
       0
       1
       0
       0
       0
       0
       0
       0
       0
       0
       0
       0
       0
       0
       0
       0
       0
       0
       0
       1
       0
       0
       0
       0
       1
       0
       0
       0
       0
       0
       1
       0
       0
       0
       1
       0
       0
       1
       0
       0
       0
       1
       0
       0
       0
       0
       0
       1
       0
       0
       0
       0
       0
       1
       0
       0
       0
       0
       0
       1
       0
       0
       0
       0
       0
       0
       0
       0
       0
       0
       0
       0
       2
       0
       0
       0
       0
       0
       0
       0
       0
       1
       1
       0
       1
       0
       0
       1
       0
       0
       0
       0
       0
       1
       0
       0
       0
       0
       0
       0
       0
       0
       0
       2
       0
       0
       0
       0
       0
       0
       0
       0
       0
       0
       0
       1
       0
       0
       0
       0
       0
       0
       0
       0
       0
       0
       0
       0
       0
       0
       1
       0
       0
       0
       0
       0
       0
       0
       0
       0
       0
       1
       0
       0
       1
       1
       0
       0
       0
       0
       0
       0
       0
       1
       0
       0
       0
       1
       0
       0
       0
       0
       0
       0
       0
       1
       0
       0
       0
       0
       1
       1
       0
       0
       1
       0
       0
       0
       0
       1
       0
       0
       0
       1
       0
       0
       0
       0
       0
       0
       0
       1
       0
       0
       0
       0
       0
       0
       0
       0
       0
       0
       0
       0
       0
       0
       0
       0
       0
       0
       0
       0
       2
       0
       0
       0
       0
       0
       0
       0
       0
       0
       0
       0
       0
       0
       0
       0
       0
       0
       0
       0
       0
       1
       0
       2
       0
       0
       0
       0
       0
       1
       0
       1
       0
       1
       0
       0
       0
       0
       0
       0
       0
       0
       0
       0
       0
       0
       0
       1
       0
       0
       1
       0
       0
       1
       0
       0
       0
       0
       0
       2
       0
       1
       0
       0
       0
       0
       0
       0
       0
       1
       1
       2
       0
       0
       0
       0
       0
       0
       0
       0
       0
       0
       0
       0
       0
       0
       0
       0
       0
       0
       0
       0
       1
       0
       1
       0
       0
       0
       1
       0
       0
       1
       0
       0
       1
       0
       0
       0
       0
       0
       1
       1
       0
       1
       0
       0
       0
       0
       0
       1
       0
       1
       0
       0
       0
       0
       0
       0
       0
       0
       1
       1
       0
       0
       1
       0
       0
       0
       1
       0
       0
       1
       0
       1
       1
       1
       0
       0
       0
       1
       0
       0
       2
       0
       0
       1
       0
       0
       0
       0
       0
       0
       1
       1
       0
       0
       0
       0
       1
       1
       2
       0
       1
       2
       1
       0
       0
       0
       0
       1
       0
       0
       2
       0
       0
       0
       0
       0
       0
       0
       0
       0
       0
       0
       0
       0
       0
       0
       0
       1
       0
       0
       1
       0
       0
       2
       0
       0
       0
       0
       0
       1
       0
       3
       0
       1
       1
       1
       1
       1
       0
       0
       0
       0
       0
       0
       0
       1
       0
       0
       0
       0
       0
       1
       1
       0
       0
       0
       0
       0
       0
       0
       0
       1
       0
       0
       0
       0
       0
       2
       0
       0
       0
       0
       0
       1
       0
       0
       0
       0
       0
       0
       1
       0
       1
       0
       0
       0
       1
       0
       0
       1
       0
       0
       1
       0
       0
       0
       0
       1
       1
       1
       0
       1
       0
       0
       0
       0
       1
       0
       0
       0
       0
       0
       2
       1
       0
       1
       0
       0
       0
       0
       0
       1
       0
       2
       1
       0
       0
       1
       0
       0
       0
       1
       1
       0
       0
       0
       0
       0
       1
       0
       0
       0
       0
       0
       0
       0
       0
       0
       0
       0
       0
       0
       0
       1
       0
       0
       0
       1
       0
       1
       0
       0
       0
       0
       0
       0
       0
       0
       0
       0
       0
       1
       0
       0
       0
       0
       0
       0
       1
       0
       0
       0
       0
       2
       0
       0
       0
       0
       0
       1
       1
       1
       0
       0
       0
       0
       0
       0
       1
       0
       0
       1
       0
       0
       1
       0
       0
       0
       0
       0
       1
       0
       1
       0
       0
       0
       0
       1
       0
       0
       0
       0
       0
       0
       0
       0
       0
       0
       0
       0
       0
       1
       0
       1
       0
       0
       0
       0
       0
       0
       0
       0
       0
       2
       0
       0
       0
       0
       0
       0
       0
       1
       0
       1
       0
       0
       0
       0
       0
       0
       1
       0
       0
       0
       0
       1
       0
       0
       0
       0
       0
       0
       0
       0
       0
       0
       0
       0
       0
       0
       1
       0
       0
       0
       0
       0
       1
       0
       0
       0
       0
       0
       0
       0
       0
       0
       0
       0
       0
       0
       0
       0
       0
       0
       0
       0
       0
       0
       0
       0
       0
       0
       0
       0
       0
       0
       0
       0
       0
       0
       0
       0
       0
       0
       0
       0
       0
       0
       0
       0
       0
       0
       0
       0
       0
       0
       0
       0
       0
       0
       0
       0
       0
       0
       0
       0
       0
       0
       0
       0
       0
       0
       0
       0
       0
       0
       0
       0
       0
       0
       0
       0
       0
       0
       0
       0
       0
       0
       0
       0
       0
       0
       0
       0
       0
       0
       0
       0
       0
       0
       0
       0
       0
       0
       0
       0
       0
       0
       0
       0
       0
       0
       0
       0
       0
       0
       0
       0
       0
       0
       0
       0
       0
       0
       0
       0
       0
       0
       0
       0
       0
       0
       0
       0
       0
       0
       0
       0
       0
       0
       0
       0
       0
       0
       0
       0
       0
       0
       0
       0
       0
       0
       0
       0
       0
       0
       0
       0
       0
       0
       0
       0
       0
       0
       0
       0
       0
       0
       0
       0
       0
       0
       0
       0
       0
       0
       0
       0
       0
       0
       0
       0
       0
       0
       0
       0
       0
       0
       0
       0
       0
       0
       0
       0
       0
       0
       0
       0
       0
       0
       0
       0
       0
       0
       0
       0
       0
       0
       0
       0
       0
       0
       0
       0
       0
       0
       0
       0
       0
       0
       0
       0
       0
       0
       0
       0
       0
       0
       0
       0
       0
       0
       0
       0
       0
       0
       0
       0
       0
       0
       0
       0
       0
       0
       0
       0
       0
       0
       0
       0
       0
       0
       0
       0
       0
       0
       0
       0
       0
       0
       0
       0
       0
       0
       0
       0
       0
       0
       0
       0
       0
       0
       0
       0
       0
       0
       0
       0
       0
       0
       0
       0
       0
       0
       0
       0
       0
       0
       0
       0
       0
       0
       0
$ROI:
3
273 413
1411 1956
3023 3615
$PRESETS:
None
0
0
$ENER_FIT:
0.000000 0.357050
$MCA_CAL:
3
0.000000E+000 3.570499E-001 0.000000E+000 keV
$SHAPE_CAL:
3
4.229320E+001 0.000000E+000 0.000000E+000
