$SPEC_ID:
No sample description was entered.
$SPEC_REM:
DET# 1
DETDESC# PHY-0040-01 Easy-MCA-8k SN 21098639
AP# Maestro Version 7.01
$DATE_MEA:
02/02/2023 15:13:02
$MEAS_TIM:
61 63
$DATA:
0 4095
       0
       0
       0
       0
       0
       0
       1
       1
       0
       0
       0
       0
       0
       0
       0
       0
       1
       1
       1
       5
       3
       7
       7
       7
      13
      13
      12
      18
      12
      23
      22
       9
      21
      37
      61
      77
      74
      86
      80
      69
      86
      75
      69
      75
      64
      68
      87
      61
      63
      71
      73
      82
      70
      79
      77
      91
      81
      82
      82
      83
      83
      82
      89
      82
      75
      82
      61
      90
      72
      81
      83
      86
      83
      88
      84
      92
      97
      96
      91
      72
      78
      68
      90
      72
      80
      72
      88
      63
      77
      89
      92
      80
      71
      93
      85
      71
      85
      73
      72
      84
      81
      80
      77
      86
      88
      85
      98
      78
      85
      82
      74
      86
      79
      87
      84
      82
      79
      71
      83
      93
      84
      78
      80
      74
      71
      92
      95
      81
      99
      87
      90
      69
      68
      77
      76
      86
      91
      78
      98
      89
      84
      83
      77
      71
      74
      96
      87
      82
      79
      85
      84
      82
      90
      88
      73
      90
      72
      74
      76
      73
      82
      81
      89
      81
      86
      84
     100
      79
      93
      66
      79
      88
      91
      84
      96
      81
      77
      91
      80
     102
      88
      85
      76
      77
      82
      80
      85
      83
      82
      84
      85
     102
      81
      79
      76
      96
      79
      88
      74
     102
      81
     101
      77
      88
      75
      87
      77
     108
      88
      80
      75
      77
      81
      79
      98
     110
      84
      91
      73
      70
      96
      90
      98
      73
     103
      87
      87
      86
     103
      96
      88
      78
      77
      87
      85
      89
     103
      90
      76
      78
      86
      74
      79
      72
      88
      95
     104
      86
      89
      94
      85
     104
      87
     102
     101
     114
     109
      93
      81
      97
      85
      91
      81
      93
     103
      79
      93
      85
      81
      89
      92
     103
     103
      90
     101
      86
      95
     101
      94
      87
      93
      93
      75
      75
      83
      85
      94
     102
      83
      94
      84
      81
      99
      88
     115
      92
      77
      94
      91
      93
      96
      78
      82
      90
      96
      86
     103
     100
      85
      95
      77
      81
      97
      98
      94
      82
     100
     100
      94
      81
      96
      74
      70
      74
      91
      88
      84
      96
      91
      84
      80
      78
      88
      77
      85
      88
      81
     102
      95
      90
      90
      85
      84
      85
      80
     105
     105
      71
     100
      87
      81
      89
      77
     111
      89
      78
      96
     101
      98
     114
      95
      98
      96
      88
     101
      98
     106
      99
      99
     106
      77
     103
      84
      88
      94
      88
      99
      99
      80
      79
      86
      82
      91
     107
      98
      83
      80
      81
      94
      82
      92
      87
     100
      99
      73
      91
      79
      86
     105
     102
      77
     100
     102
      88
      92
      88
      97
      90
      88
      92
     105
     103
      83
      91
      93
      87
      91
      84
      87
      99
      80
      94
     104
      97
      93
      76
      87
      97
      76
      87
      93
      95
      67
      83
      92
      97
      89
      73
      99
      80
      83
      63
      86
      75
      93
      98
      79
      88
      69
      73
      82
      81
      96
     100
      81
      77
     101
     104
      82
      95
     115
      76
      66
     101
      85
      85
      98
      79
      84
      80
      85
      89
      79
      82
      93
      85
      77
      85
      96
      87
      89
      87
      90
      91
      80
      92
      70
     118
      90
     103
     102
      95
     103
      91
      83
      85
      97
      80
      86
      67
     109
     103
      87
      85
      87
      85
      93
      87
      89
     113
      94
      92
      97
     100
      97
     115
     100
      99
     105
     105
      97
      93
     103
      92
      96
     104
     110
      97
      93
     115
      94
     112
      91
      95
      91
     105
      86
     112
      97
     110
     121
     118
     123
      88
     118
     101
     134
     124
      95
     114
     118
     118
     115
     127
     132
     106
     128
     119
     126
     112
     129
     111
     118
     130
     132
     133
     114
     152
     129
     114
     137
     133
     139
     113
     136
     116
     122
     117
     118
     117
     126
     141
     133
     122
     134
     128
     110
     123
     126
     126
     130
     129
     116
     130
     114
     124
     114
     141
     122
     117
     133
     136
     120
     117
     106
     132
     131
     119
     115
     116
     129
     111
     113
     112
     114
     132
     112
     101
     132
     120
     111
     123
     118
     127
      94
     104
     116
     114
     112
     138
     114
      93
     109
     106
     105
      84
     129
     110
     123
     119
     107
      95
     110
     107
     113
     129
     107
     110
     110
     121
     114
     111
     113
      97
     119
      97
     111
     122
     114
     105
      89
     112
     111
     118
     101
     109
     132
     107
     100
      95
      99
     104
      92
     121
     120
      99
     101
     107
      96
      96
     107
     106
     100
     116
      95
      93
     100
     106
      96
     102
      86
     117
      96
      82
      94
      96
     102
     102
      87
      98
     104
     108
      98
      90
      93
      97
      86
     105
      97
     101
      84
      93
     100
     106
      99
      93
     103
      84
      86
      83
     105
     107
      87
     100
      95
      97
     110
      90
      82
      88
     107
      99
      86
      80
      81
      94
     107
      73
      83
      80
     100
      79
      80
      85
      70
      90
      84
      81
      85
      75
      84
      96
      89
      95
      71
      89
      81
      97
      81
      78
      90
      94
      99
     100
      96
      97
      93
     104
     108
      89
     106
      79
      84
      79
      85
      98
      78
      85
      82
     100
      87
      78
     104
      84
      67
      85
      90
      80
      88
      88
      94
      70
      95
      88
      85
      97
      83
     101
      86
      93
      94
      90
      85
      93
      86
      84
      74
      77
      89
      79
      82
      85
      73
      74
      72
      85
      89
      84
      68
     104
      86
      96
      80
      79
      80
      83
      91
      90
      83
      99
      77
      95
      75
      80
      99
      78
      98
      86
      85
      77
      88
      66
      75
      76
      78
      78
      79
      83
      78
      86
      88
      77
      88
      93
      71
      74
      96
      72
      80
      85
      84
      78
      84
      67
      81
      91
      76
      89
      83
      86
      72
      62
      74
      74
      86
      78
      83
      71
      79
      70
      73
      83
      97
      67
      85
      66
      85
      72
      82
      85
      66
      69
      77
      71
      73
      77
      73
      90
      71
      78
      83
      88
      76
      98
      88
      81
      73
      92
      81
      77
      81
      88
      71
      85
      78
      77
      83
      72
      89
      75
      82
      58
      67
      84
      93
      67
      66
      81
      72
      74
      63
      77
      79
      76
      82
      73
      63
      78
      77
      90
      82
      68
      92
      80
      69
      76
      74
      84
      68
      87
      69
      73
      52
      75
      77
      79
      65
      84
      79
      81
      89
      94
      74
      85
      79
      67
      70
      74
      80
      76
      66
      68
      76
      76
      77
      76
      67
      76
      72
      81
      68
      84
      70
      65
      84
      78
      81
      75
      79
      75
      70
      65
      66
      72
      71
      72
      67
      70
      83
      66
      90
      67
      80
      78
      88
      70
      64
      73
      56
      77
      87
      75
      60
      72
      85
      71
      74
      85
      63
      72
      71
      83
      75
      64
      80
      85
      65
      89
      70
      80
      74
      71
      77
      80
      71
      83
      73
      74
      68
      78
      72
      55
      84
      64
      78
      64
      69
      70
      58
      75
      66
      67
      60
      69
      77
      70
      62
      77
      82
      55
      79
      78
      89
      72
      72
      69
      79
      82
      61
      72
      74
      72
      58
      73
      74
      63
      73
      76
      76
      79
      68
      72
      79
      74
      80
      67
      64
      68
      86
      74
      72
      76
      75
      75
      68
      80
      64
      55
      81
      75
      59
      59
      73
      74
      52
      69
      70
      67
      77
      81
      80
      87
      76
      61
      61
      83
      90
      61
      89
      82
      80
      66
      55
      66
      81
      68
      71
      63
      84
      80
      76
      72
      61
      70
      76
      67
      84
      56
      74
      75
      72
      69
      60
      82
      69
      75
      65
      75
      74
      58
      69
      62
      69
      72
      74
      75
      82
      72
      80
      62
      67
      69
      71
      84
      70
      79
      93
      95
      62
      76
      80
      68
      64
      65
      68
      66
      79
      71
      73
      65
      79
      77
      67
      85
      53
      75
      70
      73
      66
      79
      72
      74
      51
      73
      70
      63
      74
      77
      72
      78
      65
      82
      61
      61
      53
      72
      66
      74
      71
      70
      67
      62
      69
      78
      65
      74
      80
      60
      68
      79
      63
      67
      57
      74
      77
      77
      61
      75
      66
      86
      75
      65
      74
      63
      71
      70
      78
      67
      81
      80
      76
      80
      85
      76
      67
      78
      68
      62
      57
      58
      61
      77
      72
      78
      85
      67
      66
      71
      57
      75
      86
      63
      76
      57
      66
      77
      65
      73
      77
      71
      75
      83
      64
      73
      76
      64
      79
      69
      64
      68
      60
      62
      69
      70
      68
      63
      68
      67
      70
      54
      76
      64
      69
      69
      74
      72
      81
      76
      62
      73
      70
      81
      88
      73
      64
      68
      77
      72
      62
      69
      64
      68
      81
      84
      91
      56
      80
      62
      71
      61
      65
      70
      68
      60
      62
      76
      71
      58
      71
      65
      59
      59
      61
      67
      71
      72
      69
      68
      88
      53
      71
      70
      54
      63
      56
      75
      74
      70
      66
      79
      91
      64
      63
      61
      73
      68
      66
      72
      63
      75
      81
      67
      63
      61
      66
      73
      80
      69
      64
      64
      63
      58
      57
      70
      69
      74
      52
      76
      76
      60
      55
      60
      75
      65
      79
      78
      61
      69
      69
      77
      74
      80
      74
      57
      62
      63
      65
      65
      72
      67
      62
      80
      78
      79
      71
      72
      71
      79
      69
      68
      68
      56
      51
      74
      67
      79
      71
      70
      61
      78
      58
      65
      66
      75
      76
      69
      62
      79
      77
      70
      62
      89
      51
      68
      72
      64
      70
      68
      57
      98
      71
      77
      78
      89
      68
      86
      80
      84
      74
      65
      63
      80
      73
      72
      78
      76
      81
      68
      65
      58
      77
      83
      73
      71
      70
      60
      64
      63
      57
      62
      66
      63
      72
      67
      68
      63
      63
      76
      71
      69
      66
      63
      83
      59
      56
      76
      68
      67
      75
      70
      63
      84
      77
      74
      86
      82
      85
      76
      55
      70
      62
      86
      64
      67
      88
      82
      64
      66
      62
      69
      61
      69
      98
      68
      80
      69
      70
      63
      69
      81
      60
      65
      70
      69
      63
      74
      74
      61
      70
      68
      65
      81
      66
      65
      71
      69
      92
      69
      70
      60
      65
      53
      66
      59
      79
      82
      64
      65
      66
      65
      75
      69
      68
      70
      64
      73
      76
      71
      73
      65
      92
      67
      71
      69
      61
      84
      65
      78
      63
      86
      75
      79
      72
      73
      85
      88
      76
      69
      75
      80
      67
      70
      74
      66
      64
      81
      89
      63
      70
      70
      61
      63
      74
      71
      78
      59
      75
      70
      69
      87
      72
      76
      50
      75
      77
      70
      76
      62
      73
      71
      78
      67
      72
      57
      78
      73
      68
      62
      78
      57
      71
      55
      69
      69
      67
      84
      79
      75
      72
      65
      64
      83
      74
      71
      62
      73
      63
      71
      62
      64
      78
      81
      73
      65
      84
      58
      79
      68
      67
      75
      73
      73
      76
      80
      69
      71
      66
      75
      68
      79
      66
      78
      66
      52
      73
      81
      75
      64
      76
      78
      90
      68
      85
      65
      73
      59
      73
      86
      67
      52
      62
      78
      98
      60
      68
      49
      74
      64
      71
      69
      79
      78
      62
      69
      73
      79
      56
      69
      75
      52
      76
      93
      80
      80
      61
      95
      78
      76
      57
      74
      63
      68
      74
      69
      75
      72
      81
      64
      67
      81
      71
      77
      91
      72
      74
      76
      69
      95
      70
      74
      91
      71
      80
      91
      85
      69
      67
      78
      78
      62
      80
      75
      70
      76
      83
      76
      74
      78
      74
      81
      90
      79
      74
      57
      85
      65
      81
      75
      87
      82
      97
      73
      74
      65
      70
      80
      72
      66
      65
      65
      79
      80
      74
      81
      62
      76
      85
      69
      76
      68
      76
      74
      86
      59
      76
      75
      58
      81
      75
      79
      63
      73
      65
      68
      88
      70
      77
      72
      66
      74
      73
      71
      84
      76
      65
      71
      67
      69
      72
      58
      77
      89
      58
      72
      74
      68
      76
     102
      72
      78
      71
      78
      80
      69
      72
      83
      74
      74
      77
      80
      83
      79
      69
      85
      81
      64
      65
      80
      88
      80
      73
      82
      72
      79
      76
      73
      87
      81
      68
      64
      75
      88
      70
      70
      70
      65
      81
      92
      91
      79
      79
      79
      61
      74
      79
      86
      80
      73
      71
      88
      75
      82
      69
      61
      71
      63
      74
      82
      64
      85
      63
      71
      78
      75
      79
      71
      74
      76
      78
      67
      80
      54
      83
      93
      64
      85
      71
      79
      76
      92
      82
      93
      72
      75
      81
      88
      87
      65
      74
      79
      73
      91
      64
      80
      80
      78
      72
      73
      81
      83
      81
      90
      81
      78
      81
      82
      68
      78
      74
      84
      64
      83
      71
      78
      85
      76
      73
     100
      73
      78
      90
      77
      79
      82
      78
      82
      68
      80
      88
      81
      93
      66
      77
      83
      77
      66
      69
      80
      82
      90
      95
      83
      83
      88
      74
      91
      84
      78
      93
      69
      68
      89
      84
      96
      74
      80
      60
      71
      83
      79
      87
      73
      82
      85
      82
      87
      81
      79
      73
      92
      86
      83
      97
      93
      83
      86
      76
      83
      97
      76
      85
      94
      84
      77
      71
      82
      73
      81
      81
      74
      78
      79
      91
      69
      70
      86
      76
      80
      79
      92
      81
      79
      88
      82
      90
      78
      97
      88
      93
      71
      93
      80
      86
      86
      80
      79
      95
      88
      82
      73
      88
      92
      92
      78
      88
      97
      82
      96
      89
      72
      72
      80
      68
      87
      75
      99
      91
      85
      86
      90
      90
      81
      94
      88
      81
      65
      86
      90
      79
      81
      94
      97
      66
      74
      80
      82
      85
      87
      93
      97
      92
      78
      69
      72
      80
      87
     106
      96
      91
      95
      71
      76
      81
      89
      83
      80
      80
      78
      84
      91
      82
      76
      80
      85
      73
      73
     101
      71
      72
      90
      86
      90
      91
      85
     103
      89
     100
      82
      79
      78
      98
      95
      80
      83
      72
      93
      82
     100
      79
      79
     104
      89
      80
      89
      76
      81
      82
      96
      84
      91
      85
      78
      86
      98
      89
      80
      90
     111
      95
      80
      71
      98
      83
      82
      70
      77
      82
      82
      83
      76
      88
      76
      77
      80
      72
      84
     105
      87
      83
      94
      73
      87
      80
      98
      78
      87
      99
     103
      96
      87
      67
      79
      98
      77
      89
     101
      87
      89
      79
      73
      90
      95
      72
      85
      97
      75
      95
      87
      99
     102
      83
      85
      65
      99
      98
      88
      96
      77
     103
      80
      90
      87
      91
     102
      83
      96
      99
      89
      93
     102
      79
      98
      86
      79
      91
      68
      97
      83
      98
      91
      78
      86
      90
      93
      92
     103
      85
      72
      87
      93
      70
      77
      70
      86
      93
      84
     100
      92
      93
      85
      87
      79
     108
      88
      82
      82
      95
      86
      92
      86
      90
      96
      95
      88
      69
      93
      98
      82
     104
      82
      86
      81
      81
      84
      69
      74
      63
      92
     108
      79
      81
      95
      84
      78
      89
      70
      85
      93
      74
      89
     100
      92
      80
     106
     102
      90
      86
      94
      90
      83
      85
      93
      92
      84
      90
      89
      77
      71
      74
      82
      73
      73
      73
     103
      97
      88
      81
      78
      87
      75
      98
      76
      93
      81
      78
      97
      91
      73
      66
      75
      78
      86
      83
      72
      79
      93
      87
      81
      80
      74
      91
      72
      70
      62
      69
      91
      76
      75
      72
      70
      66
      80
      62
      82
      92
      88
      66
      79
      71
      74
      73
      78
      70
      74
      67
      74
      59
      65
      73
      67
      76
      77
      78
      71
      77
      69
      72
      55
      81
      85
      59
      75
      76
      81
      73
      76
      61
      71
      67
      70
      57
      80
      65
      72
      62
      63
      60
      52
      67
      57
      52
      73
      64
      53
      64
      63
      70
      62
      81
      80
      63
      78
      64
      61
      68
      78
      68
      61
      59
      69
      52
      66
      62
      73
      59
      53
      53
      60
      59
      51
      47
      63
      63
      64
      50
      63
      50
      52
      66
      56
      57
      50
      60
      58
      53
      61
      54
      62
      47
      60
      62
      69
      64
      59
      51
      65
      49
      56
      63
      65
      54
      60
      59
      62
      49
      52
      64
      53
      66
      54
      71
      35
      53
      60
      60
      53
      70
      42
      55
      62
      46
      56
      69
      44
      48
      62
      48
      55
      50
      53
      80
      54
      60
      61
      61
      68
      60
      55
      56
      55
      68
      59
      56
      66
      52
      56
      61
      42
      50
      52
      60
      61
      60
      50
      57
      69
      53
      46
      77
      54
      67
      62
      54
      64
      54
      61
      69
      46
      62
      58
      54
      60
      61
      54
      63
      62
      60
      54
      64
      62
      53
      62
      51
      55
      53
      38
      48
      58
      54
      53
      59
      42
      51
      56
      54
      39
      53
      54
      57
      56
      54
      64
      62
      53
      50
      54
      60
      53
      46
      63
      56
      53
      53
      52
      62
      53
      45
      53
      56
      45
      49
      60
      56
      51
      47
      52
      46
      41
      58
      60
      55
      53
      46
      54
      44
      59
      53
      62
      51
      48
      47
      53
      66
      63
      56
      51
      70
      62
      58
      66
      51
      54
      57
      48
      56
      49
      38
      41
      48
      49
      43
      65
      56
      55
      56
      51
      52
      45
      56
      44
      55
      55
      49
      39
      47
      44
      57
      52
      49
      51
      54
      58
      62
      46
      57
      53
      44
      42
      47
      50
      45
      50
      45
      62
      53
      34
      47
      49
      57
      47
      56
      48
      54
      53
      62
      45
      65
      63
      63
      61
      77
      65
      57
      53
      64
      58
      63
      55
      59
      54
      48
      54
      50
      62
      62
      52
      62
      62
      49
      65
      54
      53
      53
      71
      50
      57
      55
      68
      46
      70
      50
      64
      61
      51
      62
      55
      65
      74
      59
      76
      65
      61
      77
      73
      77
      61
      55
      66
      66
      58
      64
      73
      63
      71
      66
      75
      60
      87
      69
      64
      74
      75
      78
      88
      75
      77
      70
      71
      86
      90
      72
      68
      83
      83
      74
      95
      87
      84
      90
      87
     110
      75
      98
      82
      80
      88
      78
      84
     106
     106
     109
      82
      93
      94
     102
     103
      83
      96
     116
     108
     106
      80
     122
     107
     130
     128
     122
     118
     119
     135
     132
     119
     131
     147
     102
     127
     115
     143
     132
     130
     131
     126
     138
     136
     144
     149
     138
     135
     134
     140
     165
     143
     134
     150
     137
     163
     127
     160
     146
     160
     179
     149
     171
     147
     176
     170
     145
     181
     152
     170
     159
     194
     160
     178
     170
     160
     186
     176
     164
     180
     169
     184
     179
     172
     208
     190
     168
     181
     177
     186
     206
     207
     165
     210
     202
     180
     192
     191
     190
     230
     172
     199
     209
     182
     182
     194
     188
     199
     202
     171
     228
     197
     206
     192
     219
     203
     177
     180
     209
     202
     169
     212
     189
     198
     200
     191
     180
     197
     192
     214
     200
     244
     191
     189
     196
     184
     187
     193
     186
     170
     204
     181
     185
     189
     170
     198
     173
     180
     188
     203
     162
     156
     155
     167
     173
     185
     169
     193
     152
     152
     183
     171
     170
     156
     184
     159
     168
     150
     166
     152
     142
     160
     147
     144
     163
     137
     156
     159
     118
     144
     125
     160
     110
     153
     163
     132
     141
     119
     162
     133
     146
     118
     143
     101
     140
     127
     111
     135
     112
     117
     136
     120
     145
     126
     125
     104
     113
     114
     101
     121
     115
     105
      98
      87
     109
     107
     117
     104
      93
     103
      83
      96
      84
      95
     102
      77
     103
      76
      81
      86
      83
      92
      95
      75
      64
      72
      80
      76
      73
      70
      68
      75
      82
      65
      62
      50
      66
      57
      63
      60
      56
      62
      62
      60
      59
      48
      54
      62
      52
      51
      70
      60
      44
      42
      49
      58
      35
      42
      42
      49
      48
      47
      49
      37
      44
      36
      50
      44
      42
      34
      42
      48
      37
      27
      34
      40
      44
      38
      45
      44
      41
      43
      32
      39
      34
      31
      42
      41
      36
      35
      30
      32
      24
      43
      36
      44
      37
      35
      40
      41
      33
      31
      33
      41
      35
      42
      29
      27
      25
      32
      38
      32
      36
      36
      37
      34
      36
      33
      37
      31
      33
      40
      49
      33
      46
      41
      38
      39
      35
      40
      35
      42
      46
      40
      39
      47
      40
      47
      44
      52
      35
      55
      43
      33
      49
      54
      53
      56
      48
      51
      55
      56
      57
      54
      44
      67
      47
      46
      62
      60
      66
      51
      48
      58
      53
      65
      61
      74
      64
      70
      51
      63
      59
      55
      72
      59
      72
      73
      64
      64
      62
      68
      80
      63
      77
      55
      89
      79
      70
      83
      95
      70
      85
      69
      84
      96
      90
      78
      87
      97
      88
      91
      87
     103
      82
      93
      99
      86
      89
     108
      91
     114
     113
     106
     108
     108
     100
     106
     101
      98
     109
     125
     119
     111
     125
     108
     119
     129
     114
     114
     143
     119
     127
     135
     113
     103
     149
     138
     113
     145
     116
     127
     141
     136
     142
     145
     129
     146
     135
     108
     120
     134
     141
     120
     142
     137
     151
     140
     131
     146
     135
     140
     147
     149
     164
     132
     141
     151
     153
     153
     124
     152
     161
     153
     140
     139
     148
     126
     163
     136
     148
     154
     143
     146
     147
     163
     141
     166
     178
     127
     153
     141
     140
     147
     172
     145
     141
     168
     141
     155
     153
     152
     155
     152
     183
     151
     142
     152
     174
     136
     145
     130
     138
     135
     163
     136
     137
     140
     140
     159
     140
     155
     128
     142
     155
     153
     133
     152
     145
     141
     119
     148
     115
     133
     143
     135
     126
     107
     137
     115
     126
     139
     121
     127
     121
     122
     119
     107
     115
     110
     111
     108
     118
     131
     106
     119
     114
     109
     108
     105
     105
      90
      96
      94
      97
      86
      96
      89
      95
     109
      92
      79
      89
      98
      95
      89
      76
      92
      91
     100
      91
      75
      91
      84
      76
      93
     102
      74
      77
      86
      72
      68
      76
      70
      73
      63
      76
      61
      61
      65
      56
      66
      56
      71
      64
      62
      57
      61
      55
      44
      54
      61
      50
      46
      52
      47
      50
      49
      45
      62
      40
      48
      50
      49
      43
      50
      45
      40
      34
      47
      43
      35
      40
      39
      40
      43
      49
      41
      36
      33
      37
      36
      29
      36
      28
      35
      30
      42
      35
      26
      31
      35
      25
      37
      25
      27
      35
      26
      19
      20
      34
      20
      25
      22
      18
      28
      23
      26
      16
      15
      15
      20
      31
      19
      24
      16
      17
      14
      26
      26
      16
      15
      25
      15
      14
      17
       8
      21
      14
      20
      19
      21
      22
      16
      19
      12
       8
      21
      13
      15
       8
       5
      16
      20
      12
      15
      13
      10
       7
      10
      25
       8
      17
      14
      11
      16
       8
      11
      16
      11
      10
      14
       8
       3
      10
       4
       8
       9
       8
      10
      11
       7
      11
      11
      12
      12
       7
       7
      11
      10
       8
      13
      10
      13
      10
      10
      10
       3
      10
       9
      10
       3
      11
       6
       5
      10
       5
      11
       8
       8
      10
      11
       9
      12
      14
       8
       7
       8
       8
       5
      13
       8
       2
       9
       8
       6
       6
       4
       6
       9
       8
       3
       7
       6
       9
       7
       7
       7
       5
       9
      12
       4
       5
       7
       8
       5
       7
       6
       4
       7
      11
       3
       9
       2
       4
      12
       9
      11
       7
       8
       8
       8
       5
       7
       8
       3
       3
       6
       9
       7
       5
       7
       9
       6
       5
      13
       3
       8
       7
       9
       6
      12
       4
       7
       7
       6
       7
       4
       8
       5
       6
      14
       8
      10
       6
       3
       8
      11
      11
       6
       9
       5
       7
       3
       7
       7
       4
       2
       5
       8
       5
       1
       6
       4
      10
       4
       3
       6
       7
       5
       9
       8
       6
       5
      10
       6
       4
       4
       8
       4
       8
       5
       5
       4
       9
       6
       5
       6
       9
       5
       8
       6
       3
       5
       5
       8
       5
      10
       2
      10
       8
       4
       5
       4
       6
       5
       1
       3
       7
       8
      11
       9
       6
       7
       5
       7
      12
       6
       3
       2
       5
       5
      10
       9
       1
       3
       6
       6
       7
       7
       5
       8
       4
       6
       4
       8
       7
       8
       8
       6
      10
       4
       8
       2
       8
       6
       8
      12
       5
       7
       3
       9
       6
       2
       3
       6
       4
       9
      10
       2
       6
       4
       8
       7
       6
      10
       9
       7
       5
       6
       7
      11
       2
       5
       9
       5
       6
       8
       8
       5
       6
       3
       8
      14
       6
       9
       7
       7
       4
       4
       6
       3
       4
       9
       4
       7
       8
       3
       8
       4
       8
      10
       3
       4
       6
       5
       5
       4
       6
       7
       7
       3
       8
       7
       9
       4
       5
       6
       3
       6
       6
       1
       6
       7
       2
      12
       3
       9
       8
       3
       3
       8
      11
       9
       7
       8
       9
       9
       5
      11
       6
       4
       4
       3
       3
       7
       3
       7
       5
       6
       9
       5
       2
       3
       2
       1
       0
       0
       2
       1
       0
       3
       0
       1
       0
       1
       0
       0
       0
       0
       0
       0
       1
       0
       0
       0
       1
       1
       0
       0
       0
       1
       0
       0
       1
       0
       0
       0
       0
       0
       1
       0
       0
       0
       0
       0
       0
       0
       0
       0
       0
       1
       0
       1
       1
       0
       0
       0
       1
       1
       0
       0
       0
       0
       0
       0
       0
       1
       0
       0
       0
       0
       0
       0
       1
       0
       0
       0
       0
       0
       0
       0
       0
       0
       0
       0
       0
       0
       0
       0
       0
       1
       0
       0
       1
       0
       0
       0
       0
       0
       0
       0
       1
       1
       0
       0
       0
       0
       0
       0
       0
       0
       0
       1
       0
       0
       0
       0
       0
       0
       0
       0
       0
       0
       0
       0
       1
       0
       0
       0
       0
       0
       0
       0
       0
       1
       1
       0
       0
       0
       0
       0
       0
       0
       0
       0
       0
       0
       0
       0
       0
       0
       0
       0
       0
       0
       0
       0
       0
       0
       0
       0
       0
       0
       0
       0
       0
       0
       0
       0
       0
       0
       0
       0
       0
       0
       0
       0
       0
       0
       0
       0
       0
       0
       0
       0
       0
       0
       0
       0
       0
       0
       0
       0
       0
       0
       0
       0
       0
       0
       0
       0
       0
       0
       0
       0
       0
       0
       0
       0
       0
       0
       0
       0
       0
       0
       0
       0
       0
       0
       0
       0
       0
       0
       0
       0
       0
       0
       0
       0
       0
       0
       0
       0
       0
       0
       0
       0
       0
       0
       0
       0
       0
       0
       0
       0
       0
       0
       0
       0
       0
       0
       0
       0
       0
       0
       0
       0
       0
       0
       0
       0
       0
       0
       0
       0
       0
       0
       0
       0
       0
       0
       0
       0
       0
       0
       0
       0
       0
       0
       0
       0
       0
       0
       0
       0
$ROI:
1
3023 3615
$PRESETS:
None
0
0
$ENER_FIT:
0.000000 0.000000
$MCA_CAL:
3
0.000000E+000 0.000000E+000 0.000000E+000 
$SHAPE_CAL:
3
0.000000E+000 0.000000E+000 0.000000E+000
