$SPEC_ID:
No sample description was entered.
$SPEC_REM:
DET# 1
DETDESC# PHY-0040-01 Easy-MCA-8k SN 21098639
AP# Maestro Version 7.01
$DATE_MEA:
02/02/2023 14:00:04
$MEAS_TIM:
35 35
$DATA:
0 4095
       0
       0
       0
       0
       0
       0
       0
       0
       0
       0
       0
       0
       0
       0
       0
       0
       0
       0
       0
       0
       0
       0
       0
       0
       0
       0
       0
       0
       0
       6
      14
      21
      10
       7
      24
      16
      12
      12
       8
       7
      15
      10
      15
      15
      13
       8
      10
      12
      15
       6
      13
      16
      13
      16
      11
       7
       8
       5
      15
      10
       7
       5
       9
      11
      10
      14
      11
       9
       8
      12
      15
      11
       9
       7
      11
      10
      11
      10
      11
       8
      15
       6
      10
       7
      12
      13
       9
      10
      12
      16
      11
      13
      15
      14
      12
      17
      11
      10
      13
       9
      12
      14
      13
      18
      20
      15
      15
      17
      15
      20
      16
      22
      18
      30
      28
      20
      26
      35
      35
      38
      43
      64
      62
      46
      55
      61
      63
      72
      67
      80
      76
      74
      80
     105
      98
      95
      97
      85
      86
     106
      99
     100
      94
     101
     105
      71
      76
      96
      95
      85
      72
      90
      74
      60
      81
      73
      54
      55
      40
      62
      47
      33
      44
      26
      39
      33
      36
      37
      33
      26
      32
      28
      23
      28
      21
      22
      28
      18
      20
      18
      17
      20
      13
      22
      13
      12
      11
      11
      15
      14
      14
      13
      17
      17
      20
      15
       8
      14
      15
      12
      15
      13
      12
      15
       9
      14
      11
      12
      18
      21
      21
      15
      19
      16
      14
      15
      18
       9
      14
      23
      12
       9
       3
      17
      18
      11
      13
      14
      10
      12
      12
      20
      19
      15
      13
      12
       4
      17
      15
      12
      17
       8
      11
      13
      12
      15
      17
      13
       8
      15
       9
       8
      17
      15
       3
      13
      10
      19
      19
      12
      22
      18
      14
      20
      11
       9
      16
      13
      20
      19
      15
       6
       8
      14
      13
      13
      12
       9
      12
      12
      19
      19
      20
      11
      11
      17
      10
      14
      12
      14
      14
      19
      16
      10
      17
      18
      16
      23
      19
      17
      11
      20
      16
      18
      13
      15
      19
      17
      11
      15
      15
       8
      14
      17
      15
      18
      13
      15
       6
       8
      13
      18
      15
      13
      26
      10
      18
      17
       5
      19
      18
      18
      20
      12
      11
      20
      20
      15
      18
      17
      14
      13
      13
      22
      20
      17
      17
      12
      17
      15
      14
      18
      14
      23
      19
      17
      14
      18
      13
      13
      16
      15
      11
       8
      10
      18
      19
      15
      14
      11
      12
      14
      11
      20
      13
      10
      16
      11
      10
      19
      19
      19
      19
      22
      18
      14
      15
      17
      12
      18
      15
      14
      12
      15
      18
      12
      15
      17
      18
      12
      11
      12
      15
      20
      17
      13
      17
      13
      17
      17
      15
       9
      13
      19
      14
      12
      20
      15
      23
      17
      20
      19
      18
      20
      18
      21
      17
      16
       9
      18
      15
      23
      14
      20
      15
      15
      20
      12
      16
      23
      18
      14
      14
      16
      15
      23
      15
      17
      13
       8
      18
      17
      20
      18
      16
      14
      12
      20
      18
      15
      16
      23
      21
      10
      15
      19
      16
      14
      16
      20
      18
      27
      15
      12
      22
      21
      16
      13
      10
      17
      17
      16
      16
      20
      11
      22
       8
      17
      14
      12
       8
      16
      11
       7
      23
      21
      18
      19
      21
       9
      13
      13
       8
      16
      16
      16
      14
      14
      18
      15
      16
      17
      14
      16
      12
      19
      18
      14
      11
      20
      10
      18
      23
      15
      10
      10
      17
      12
       7
      22
      17
      14
      20
      18
      11
      13
      22
      15
      21
      15
      16
      15
      13
      13
      12
      12
      17
      14
      16
      16
      15
      12
      13
      17
      14
      18
      16
      15
      10
      11
      15
      14
      18
      19
      13
      13
      11
      15
      16
      24
      17
      11
      11
      12
      22
      15
      14
      19
      21
      19
       9
      17
      20
      13
      13
      19
      19
      20
      16
      14
      15
      24
      15
      18
      23
      15
      18
      18
      16
      15
      10
      17
      14
      18
      18
      10
      11
      17
      17
      16
      18
      24
      10
      14
      13
      18
      18
      13
      15
      19
      23
      14
      18
       8
      12
      19
      20
      17
      16
      10
       9
      15
      15
      16
      14
      13
      11
      12
      17
      12
      21
      17
      15
      20
      20
      21
      21
      16
      26
      15
      15
      20
      25
      10
      12
      16
      19
      18
      17
      11
       9
      25
      16
      19
      11
      10
      13
      10
      17
      11
      15
      17
      10
      18
       8
      11
      10
       8
      20
      18
      15
      19
      12
      17
      17
      15
      14
      17
      17
      14
      14
      14
      13
      19
      10
      15
      18
      16
      15
      20
      16
      22
      17
      12
      19
      17
      10
      14
      13
      17
      14
      21
      13
      18
      16
      17
      11
      24
      13
      17
      16
      20
      12
      21
      23
      13
      22
       7
      19
      17
      13
      11
      17
      17
      10
       7
      19
      18
      23
      23
      19
      25
      22
      16
       9
      12
      18
      18
      17
      21
      18
      19
      18
      18
      15
      17
      14
      14
      28
      16
      17
      21
      19
      13
      20
      17
      14
      24
      24
      20
      21
      25
      15
      23
      17
      24
      20
      18
      17
      16
      22
      21
      19
      18
      16
      25
      17
      20
      13
      40
      11
      18
      15
      21
      13
      18
      19
      17
      14
      21
      24
      26
      16
      16
      20
      17
      18
      29
      24
      22
      23
      20
      25
      17
      18
      20
      19
      18
      22
      14
      26
      24
      21
      20
      15
      16
      16
      11
      23
      21
      17
      13
      14
      19
      14
      23
      18
      17
      18
      20
      22
      16
      18
      27
      18
      16
      16
      15
      20
      15
      16
      21
      23
      27
      19
      22
      11
      15
      12
      20
      20
      10
      10
      18
      18
      17
      21
      22
      22
      17
      18
      18
      12
      18
      14
      22
      18
      15
      22
      16
      11
      15
      15
      20
       8
      13
      21
      20
      18
      17
      14
      22
      17
      18
      20
      21
      19
      11
      18
      20
      16
      13
      14
      17
      18
      18
      12
      17
      18
      10
      15
      15
      10
      15
      16
      15
      16
      13
      10
      14
      22
      17
       8
      17
      11
      15
      21
      16
      11
      17
      12
      12
      15
      15
       8
      18
      11
      11
       8
      18
      11
      20
      16
      11
      16
      17
      18
      14
      10
      17
      12
      14
      20
      15
      18
      16
      17
      17
      15
      14
      11
      14
      15
      11
      14
      14
      14
      17
      14
      16
      26
      14
      14
      12
      16
      16
      12
      17
      13
      14
      15
      16
      15
      14
      10
       9
      11
      17
      14
       7
      19
      17
      17
      14
      21
      16
      16
      13
      10
      19
       7
      12
      11
      18
      10
      12
      12
       5
      17
      16
      12
      11
      14
      16
      11
      17
      20
      12
      15
      11
      17
       7
      12
      14
      13
       5
      11
      12
      11
      11
      13
      14
      13
      11
      14
      12
      16
      15
      13
      10
      13
      11
      17
       9
      15
      22
       5
      12
      13
      15
      10
      15
      13
      14
      13
       9
      21
      11
      14
      12
      22
      16
      10
      11
      18
      16
       8
      16
      10
      15
      18
      10
      10
      10
       9
      17
      14
       9
       7
      11
      13
       9
       6
      15
      18
      12
      10
      13
       6
      12
       6
       8
       7
      11
      15
       7
       6
      20
      16
      18
      12
      16
      13
      12
      17
      16
      10
      11
      25
      14
       8
       9
      23
      12
      13
       6
      17
      13
      11
      13
      13
      14
      10
      10
       8
      15
      13
      10
      11
      15
      13
      18
      11
      13
      20
       8
       8
      10
       7
      16
      15
      14
       7
      17
      13
       9
       9
       6
      23
      10
      14
      20
       8
      17
       9
      11
      11
      12
      11
       8
      16
      15
       9
       9
       7
      14
      13
       8
      13
      11
      13
      16
      10
      10
      11
      14
      10
       9
       8
      10
       6
      15
      13
      10
      13
      13
      10
      16
      14
      14
      18
      11
       8
      11
      14
       8
      10
       6
       6
      10
       8
       5
       8
      11
       8
       5
       8
      11
       7
      11
      10
      13
      13
      14
      11
      17
       6
      14
       7
      10
       8
      11
       6
       7
      12
      10
      13
      16
      11
      11
      14
      16
       7
       9
      15
      15
      14
      10
      10
      11
      10
      13
      11
      11
      15
      10
      12
      13
      11
       8
       9
      19
      13
      14
      12
      13
      14
      12
      19
       5
      15
       8
       6
      11
       7
       8
       6
      12
      13
      12
       9
       7
      10
      16
      13
      11
      15
       8
       9
      10
      10
      14
       6
      14
      11
      18
      17
      13
      13
      10
       5
      13
       8
       8
      13
      10
      10
      13
      10
      13
      11
      13
      13
      10
      11
      17
       9
      10
       5
      18
      11
       8
      13
      12
       8
      15
       9
      13
      10
      18
       8
       9
      11
      10
       8
       8
      12
       7
       5
      15
      10
      14
       7
      12
      18
      12
       7
       8
      15
      12
      11
       8
      12
      11
      14
       6
      14
      10
      11
      20
       8
      11
      11
      18
      10
       9
      12
      11
      11
      12
       4
      13
      11
      18
      13
      16
      11
       7
       7
      12
      15
      10
       6
      18
       6
       9
       4
       2
      10
      11
      12
       6
      14
       8
       7
      11
      10
       7
       7
       9
      12
      12
      10
      11
      12
      10
      12
      12
      10
       8
       5
      10
      14
      13
       9
      13
       9
      11
       5
       4
      19
       9
      12
       9
       5
      13
       7
       7
      16
      10
      12
       9
      11
      12
      11
       7
      12
       7
      10
      12
      16
      12
       9
       6
      10
      14
      13
       9
       8
       8
      11
      10
      16
       7
      14
       5
       9
       7
      10
      15
       4
      13
      10
      11
      13
       9
       8
      14
      13
       7
      12
       5
      14
      14
      10
      12
       8
      14
      13
      13
      13
      13
      11
       7
       7
      11
      11
      14
       6
      10
      10
      12
       8
      15
       7
      10
       4
       8
       8
      14
       9
       8
      13
       9
      12
       9
       5
      18
      10
      12
       8
       7
       9
      17
       9
      11
      12
       7
      12
       7
       9
      11
       7
      14
       8
       9
      14
       9
      11
      12
      12
      12
       9
       7
       9
       8
       7
       7
       7
       8
      13
      11
      15
      10
       9
       9
      12
      11
      13
      18
       9
      16
      13
      10
      12
      11
      16
      13
       5
      14
      11
      15
      11
      11
      10
      10
       8
      12
       4
      11
      12
       9
      12
       9
      12
      10
      13
      13
      10
      12
       9
      13
      16
       7
      10
      14
      11
       9
       8
       5
      11
       4
       9
      15
       4
       9
      15
      12
       6
      10
      13
      12
      10
       7
       6
      14
       9
      11
      12
       6
       8
       8
       9
       8
      12
      11
      11
      12
       8
      12
      12
      11
      14
      13
      15
      15
       7
      10
      11
      15
      10
       2
       7
      12
      12
      12
      13
      12
       7
      11
      13
       5
       8
       8
      10
       7
       8
      14
       9
      15
      15
      18
      17
      13
      12
       8
       4
       7
      14
      10
      14
       8
       7
      11
      10
      12
      14
      10
      12
       6
       8
       6
      10
      13
       7
       7
       9
       7
       9
      11
      11
       8
       4
      10
      10
      10
       8
       3
       8
       8
      10
      12
      10
       5
       9
       3
       9
       6
      14
      10
      11
      14
      10
       9
       9
      11
      12
       9
       6
      12
       8
       7
      12
      12
      11
      12
      17
      16
      11
      10
       7
      11
      14
      13
      10
      10
      13
       7
      12
       8
       6
      12
      11
       5
       9
      13
      10
      12
      11
      11
       8
       6
       9
      14
       8
      16
       9
       6
       9
      14
      15
       9
      13
      17
       5
       7
      14
       8
      12
      13
      11
       7
       7
       8
      10
       9
       7
       9
      12
      18
       9
      12
       8
      13
       8
      11
      12
      11
      11
       9
      13
      18
      11
       9
       5
      18
       7
      13
       4
      17
       8
       7
       6
       9
      11
      12
       4
       8
      14
       7
      11
      11
       7
       8
      13
       8
       6
      11
       7
       8
       6
       8
       6
       8
       4
       8
       9
      12
       6
       8
       8
       3
       7
       8
       6
       9
      14
      14
       5
       9
       1
      11
       7
       3
       4
       6
       9
      11
       7
       9
      11
       9
       6
       5
       6
       9
       7
       6
       7
       6
      12
      13
      12
      11
       5
       6
      10
       8
       7
       9
       7
       2
       0
       6
       9
       9
       6
       7
       5
       5
       6
       4
       7
       2
       7
       8
       4
       6
       8
       5
       6
       3
       5
       6
       2
       6
       3
       7
      12
       5
       5
       2
       3
       0
       6
       4
       3
       4
       6
       5
       6
       6
       6
      11
       4
       0
       4
       6
       4
       3
       3
       4
       3
       5
       3
       6
       3
       1
       5
       5
       6
       1
       3
       2
       5
       3
       3
       2
       0
       4
       3
       5
       7
      12
       2
       4
       6
       1
       2
       1
       2
       0
       1
       4
       4
       2
       4
       8
       1
       3
       2
       4
       3
       4
       2
       3
       3
       6
       4
       4
       5
       4
       8
       2
       5
       1
       4
       3
       4
       4
       3
       2
       3
       8
       6
       2
       2
       3
       4
       5
       0
       5
       1
       3
       3
       1
       1
       0
       1
       3
       2
       3
       1
       1
       4
       2
       2
       8
       2
       2
       4
       2
       2
       4
       3
       2
       2
       3
       2
       2
       0
       1
       1
       6
       5
       2
       4
       0
       0
       3
       4
       2
       2
       2
       0
       5
       2
       2
       4
       5
       4
       0
       1
       1
       2
       1
       1
       1
       1
       3
       4
       5
       2
       2
       5
       1
       1
       2
       3
       5
       1
       2
       1
       0
       1
       0
       2
       1
       1
       3
       3
       4
       1
       2
       4
       1
       2
       2
       3
       2
       1
       1
       1
       1
       2
       1
       3
       2
       6
       2
       2
       0
       1
       4
       2
       2
       2
       2
       1
       3
       0
       0
       1
       4
       2
       3
       2
       4
       4
       4
       0
       2
       0
       0
       2
       3
       2
       1
       1
       0
       1
       5
       3
       0
       0
       0
       0
       1
       0
       1
       4
       4
       4
       1
       2
       1
       2
       0
       1
       1
       1
       3
       2
       0
       3
       3
       1
       0
       1
       0
       1
       0
       2
       2
       1
       5
       1
       2
       1
       1
       1
       5
       1
       0
       5
       0
       2
       0
       2
       0
       1
       1
       2
       0
       1
       2
       1
       4
       2
       3
       0
       2
       1
       2
       3
       2
       0
       0
       3
       1
       0
       2
       1
       1
       2
       1
       1
       0
       0
       1
       3
       2
       1
       0
       4
       0
       0
       0
       3
       2
       0
       3
       2
       4
       1
       4
       1
       2
       0
       1
       1
       4
       1
       2
       0
       0
       4
       4
       2
       2
       0
       1
       1
       2
       1
       3
       1
       2
       2
       2
       2
       3
       1
       3
       1
       3
       1
       2
       3
       5
       2
       0
       1
       3
       3
       0
       2
       2
       5
       1
       2
       3
       0
       1
       0
       1
       1
       6
       1
       3
       4
       4
       4
       3
       1
       2
       1
       2
       0
       1
       0
       1
       4
       0
       2
       2
       1
       2
       1
       2
       1
       2
       2
       2
       1
       4
       2
       1
       1
       1
       2
       3
       1
       2
       1
       4
       1
       2
       3
       4
       0
       3
       3
       2
       3
       4
       1
       4
       3
       6
       2
       4
       6
       4
       2
       2
       1
       7
       3
       4
       2
       2
       5
       1
       5
       7
       2
       2
       4
       5
       6
       5
       4
       3
       2
       2
       3
       5
       7
       2
       3
       7
       3
       2
       7
       5
       4
       5
       3
       3
       2
       7
       2
       6
       2
       3
       5
       3
       7
       6
       3
       8
       5
       9
       6
       6
       6
      10
       7
       9
       4
       7
      11
       8
       7
       6
       7
      17
       5
       5
      10
       4
       6
      14
       8
       8
       6
       7
      11
      15
      13
       8
       7
       7
       8
      13
      14
      10
       8
      14
      13
       8
      15
       9
      15
      14
      11
      16
      13
      19
      11
      19
      15
      12
      15
      20
      15
      18
      17
      16
      14
      24
      15
      21
      23
      18
      18
      21
      20
      21
      17
      18
      30
      22
      20
      24
      12
      24
      17
      14
      25
      16
      18
      15
      25
      21
      26
      27
      34
      33
      30
      36
      28
      36
      41
      35
      26
      32
      30
      24
      27
      26
      37
      28
      36
      30
      22
      41
      31
      33
      34
      45
      40
      35
      29
      35
      49
      42
      34
      40
      42
      44
      36
      41
      44
      40
      38
      45
      34
      37
      33
      42
      35
      40
      43
      40
      58
      52
      39
      55
      49
      52
      51
      48
      49
      50
      41
      45
      40
      47
      63
      64
      53
      47
      52
      57
      53
      61
      51
      52
      60
      54
      48
      50
      55
      55
      55
      49
      54
      58
      65
      67
      57
      51
      61
      62
      61
      67
      65
      45
      48
      62
      63
      78
      60
      62
      73
      62
      61
      70
      47
      59
      61
      64
      61
      60
      61
      58
      61
      50
      67
      72
      74
      67
      67
      62
      47
      64
      59
      54
      50
      60
      51
      55
      61
      60
      65
      57
      62
      65
      64
      67
      49
      62
      48
      61
      59
      68
      68
      46
      56
      62
      52
      56
      55
      54
      64
      58
      66
      58
      66
      63
      50
      64
      52
      55
      43
      47
      48
      59
      52
      48
      46
      50
      50
      49
      51
      47
      59
      67
      47
      54
      44
      54
      38
      48
      39
      57
      36
      52
      37
      43
      49
      50
      50
      48
      37
      38
      42
      49
      38
      50
      36
      37
      33
      46
      38
      32
      27
      38
      34
      41
      34
      33
      26
      29
      34
      41
      28
      22
      27
      32
      34
      27
      31
      32
      23
      33
      26
      26
      19
      31
      28
      28
      26
      25
      24
      20
      33
      32
      15
      27
      27
      22
      25
      19
      16
      15
      21
      22
      21
      23
      28
      20
      18
      19
      17
      14
       9
      18
      13
      13
       9
      18
      21
      14
      14
      16
      11
      15
      13
      15
      16
      11
      12
      13
      14
       7
       9
      10
      14
       7
      13
      10
       3
       5
       7
       8
      14
       6
       7
       7
       7
       7
       8
       7
       7
       6
       8
       8
      12
       9
       7
       6
       6
       5
       7
       4
       5
       3
       1
       4
       5
       4
       4
       4
       3
       4
       9
       4
       2
       9
       3
       3
       2
       4
       7
       4
       4
       5
       7
       3
       3
       5
       4
       1
       2
       2
       2
       1
       3
       3
       1
       5
       3
       2
       4
       3
       0
       2
       3
       2
       4
       3
       2
       4
       2
       1
       3
       1
       3
       2
       1
       1
       0
       1
       4
       2
       2
       2
       0
       1
       2
       0
       0
       1
       1
       1
       3
       1
       0
       1
       1
       1
       1
       0
       2
       1
       1
       1
       0
       2
       1
       0
       0
       1
       0
       0
       1
       0
       1
       0
       0
       0
       0
       0
       0
       1
       0
       1
       1
       0
       0
       0
       0
       0
       1
       0
       0
       1
       0
       1
       1
       1
       1
       0
       0
       0
       0
       0
       0
       0
       1
       0
       0
       2
       0
       0
       0
       1
       2
       0
       0
       0
       0
       0
       2
       0
       1
       0
       0
       0
       0
       0
       0
       0
       0
       0
       1
       0
       0
       0
       0
       1
       1
       0
       2
       1
       1
       0
       0
       0
       0
       0
       0
       0
       0
       0
       0
       2
       0
       0
       0
       0
       1
       0
       0
       0
       0
       0
       0
       1
       0
       0
       0
       0
       0
       0
       0
       0
       0
       0
       0
       0
       0
       1
       0
       0
       0
       0
       0
       1
       0
       0
       0
       1
       0
       0
       0
       2
       0
       1
       0
       0
       0
       0
       0
       1
       0
       0
       0
       1
       0
       0
       0
       1
       0
       0
       0
       0
       0
       1
       0
       0
       2
       1
       1
       0
       1
       0
       0
       0
       0
       0
       0
       0
       0
       0
       0
       0
       0
       0
       0
       0
       1
       0
       0
       0
       0
       1
       0
       0
       1
       0
       0
       0
       0
       0
       0
       0
       1
       0
       0
       0
       0
       0
       0
       1
       0
       0
       0
       0
       1
       0
       0
       0
       0
       0
       0
       0
       0
       0
       2
       0
       0
       0
       0
       0
       0
       1
       0
       1
       0
       0
       0
       0
       0
       0
       0
       0
       0
       0
       0
       0
       1
       0
       0
       0
       0
       0
       0
       0
       0
       0
       0
       0
       0
       0
       0
       0
       0
       0
       0
       0
       0
       0
       0
       0
       0
       0
       0
       0
       0
       0
       0
       1
       0
       1
       0
       0
       0
       0
       1
       0
       1
       0
       0
       0
       0
       0
       0
       0
       0
       0
       0
       0
       0
       0
       0
       0
       0
       0
       0
       0
       0
       1
       0
       0
       1
       0
       0
       0
       1
       0
       0
       0
       0
       0
       0
       0
       0
       0
       0
       0
       0
       0
       0
       0
       1
       0
       1
       0
       0
       0
       1
       0
       0
       1
       0
       0
       1
       0
       0
       1
       0
       0
       0
       0
       1
       0
       0
       1
       0
       0
       0
       1
       0
       0
       1
       0
       1
       1
       0
       0
       0
       0
       0
       0
       1
       0
       0
       0
       1
       0
       0
       1
       0
       0
       0
       0
       1
       0
       0
       0
       1
       0
       0
       0
       0
       1
       0
       1
       0
       0
       0
       0
       0
       0
       0
       0
       0
       0
       0
       0
       0
       0
       1
       0
       2
       1
       0
       1
       0
       0
       0
       0
       1
       0
       0
       0
       0
       0
       0
       0
       1
       1
       0
       1
       0
       0
       0
       0
       0
       0
       0
       0
       0
       0
       0
       0
       0
       0
       0
       0
       0
       0
       0
       1
       0
       0
       0
       0
       0
       0
       0
       1
       0
       0
       0
       0
       0
       0
       1
       0
       0
       0
       0
       0
       0
       0
       0
       0
       0
       0
       0
       0
       1
       0
       0
       0
       1
       0
       0
       1
       0
       0
       0
       0
       0
       1
       1
       0
       0
       0
       0
       1
       0
       0
       0
       0
       0
       0
       0
       0
       0
       0
       0
       0
       0
       1
       0
       0
       0
       0
       0
       1
       1
       0
       0
       0
       0
       0
       0
       0
       0
       0
       0
       1
       0
       0
       0
       0
       0
       0
       0
       0
       0
       0
       0
       1
       0
       1
       0
       0
       0
       0
       0
       0
       0
       1
       0
       0
       0
       0
       0
       0
       0
       1
       0
       0
       0
       0
       1
       0
       0
       0
       0
       0
       0
       1
       0
       0
       0
       0
       0
       0
       0
       0
       0
       0
       0
       0
       0
       0
       0
       0
       1
       0
       0
       0
       1
       0
       0
       0
       0
       0
       0
       0
       0
       0
       0
       0
       1
       0
       0
       1
       0
       2
       0
       0
       0
       0
       0
       1
       1
       0
       0
       0
       1
       0
       0
       0
       0
       1
       0
       0
       2
       0
       0
       1
       0
       0
       0
       0
       0
       0
       0
       0
       1
       0
       0
       0
       0
       0
       0
       0
       0
       0
       0
       0
       0
       0
       0
       0
       0
       0
       0
       0
       0
       0
       0
       0
       0
       0
       0
       0
       0
       0
       0
       0
       0
       0
       0
       0
       1
       0
       0
       0
       0
       0
       0
       1
       0
       0
       1
       0
       0
       0
       0
       0
       0
       0
       0
       0
       2
       0
       0
       0
       0
       0
       0
       0
       0
       0
       0
       0
       0
       0
       1
       0
       0
       0
       0
       0
       0
       0
       1
       0
       0
       0
       0
       0
       0
       0
       0
       0
       1
       0
       1
       0
       1
       0
       0
       0
       0
       0
       0
       0
       0
       0
       0
       0
       0
       0
       0
       0
       1
       1
       0
       0
       1
       0
       0
       0
       1
       0
       0
       0
       0
       0
       0
       1
       1
       0
       0
       0
       0
       0
       0
       0
       1
       0
       0
       0
       0
       0
       0
       2
       0
       0
       0
       0
       0
       0
       0
       0
       0
       0
       0
       0
       0
       0
       1
       0
       0
       0
       1
       0
       0
       1
       0
       0
       0
       0
       0
       0
       0
       0
       0
       0
       0
       0
       0
       0
       2
       0
       1
       1
       0
       0
       0
       0
       0
       0
       1
       0
       0
       0
       0
       0
       0
       0
       0
       0
       1
       0
       0
       0
       1
       0
       0
       0
       0
       0
       0
       0
       0
       1
       0
       0
       0
       0
       0
       0
       0
       0
       0
       1
       0
       1
       0
       0
       0
       0
       0
       0
       0
       0
       0
       0
       0
       0
       0
       0
       0
       0
       0
       0
       0
       0
       0
       0
       0
       0
       0
       1
       0
       0
       0
       0
       0
       0
       0
       0
       0
       1
       0
       1
       0
       1
       0
       0
       0
       0
       0
       0
       0
       0
       0
       0
       0
       0
       0
       1
       0
       0
       0
       0
       0
       0
       0
       0
       0
       0
       0
       0
       0
       0
       1
       0
       0
       0
       0
       0
       1
       1
       2
       1
       0
       0
       0
       0
       0
       0
       0
       0
       0
       1
       0
       0
       0
       0
       0
       0
       0
       0
       0
       0
       0
       0
       0
       0
       0
       0
       0
       1
       0
       1
       0
       0
       0
       0
       0
       0
       0
       1
       0
       0
       0
       1
       0
       0
       0
       0
       0
       1
       0
       0
       0
       0
       0
       0
       1
       0
       1
       1
       0
       0
       0
       0
       0
       0
       1
       0
       0
       0
       1
       1
       0
       0
       0
       0
       0
       0
       0
       0
       0
       0
       0
       1
       0
       0
       0
       0
       0
       0
       0
       0
       0
       0
       1
       0
       0
       0
       1
       1
       0
       0
       0
       0
       0
       0
       0
       0
       0
       0
       0
       0
       0
       1
       1
       0
       1
       0
       0
       0
       0
       0
       0
       0
       0
       0
       1
       0
       0
       0
       0
       0
       0
       0
       0
       0
       0
       0
       0
       0
       0
       0
       0
       0
       0
       1
       0
       0
       0
       0
       0
       0
       0
       0
       0
       1
       0
       0
       0
       1
       0
       0
       0
       0
       0
       0
       0
       0
       0
       0
       0
       0
       0
       0
       0
       0
       1
       1
       0
       0
       0
       0
       0
       0
       0
       0
       0
       0
       0
       0
       0
       0
       0
       0
       0
       0
       0
       0
       0
       0
       0
       0
       0
       0
       0
       0
       0
       0
       0
       0
       0
       0
       0
       0
       0
       0
       0
       0
       0
       0
       0
       0
       0
       0
       0
       0
       0
       0
       0
       0
       0
       0
       0
       0
       0
       0
       0
       0
       0
       0
       0
       0
       0
       0
       0
       0
       0
       0
       0
       0
       0
       0
       0
       0
       0
       0
       0
       0
       0
       0
       0
       0
       0
       0
       0
       0
       0
       0
       0
       0
       0
       0
       0
       0
       0
       0
       0
       0
       0
       0
       0
       0
       0
       0
       0
       0
       0
       0
       0
       0
       0
       0
       0
       0
       0
       0
       0
       0
       0
       0
       0
       0
       0
       0
       0
       0
       0
       0
       0
       0
       0
       0
       0
       0
       0
       0
       0
       0
       0
       0
       0
       0
       0
       0
       0
       0
       0
       0
       0
       0
       0
       0
       0
       0
       0
       0
       0
       0
       0
       0
       0
       0
       0
       0
       0
       0
       0
       0
       0
       0
$ROI:
1
2265 2813
$PRESETS:
None
0
0
$ENER_FIT:
0.000000 0.000000
$MCA_CAL:
3
0.000000E+000 0.000000E+000 0.000000E+000 
$SHAPE_CAL:
3
0.000000E+000 0.000000E+000 0.000000E+000
