$SPEC_ID:
No sample description was entered.
$SPEC_REM:
DET# 1
DETDESC# PHY-0040-01 Easy-MCA-8k SN 21098639
AP# Maestro Version 7.01
$DATE_MEA:
02/02/2023 15:39:13
$MEAS_TIM:
92 94
$DATA:
0 4095
       0
       0
       0
       0
       0
       0
       1
       0
       0
       0
       0
       0
       0
       0
       0
       0
       3
       1
       6
       9
      10
      10
      13
      21
      10
      21
      18
      18
      22
      39
      44
      39
      73
      94
     197
     213
     218
     221
     210
     209
     202
     218
     211
     215
     207
     232
     220
     200
     203
     247
     237
     217
     210
     216
     229
     213
     230
     213
     231
     212
     239
     203
     225
     221
     194
     233
     207
     224
     233
     214
     251
     223
     225
     262
     251
     214
     214
     244
     200
     261
     203
     230
     227
     197
     258
     216
     230
     227
     250
     233
     227
     237
     234
     228
     227
     217
     204
     221
     248
     204
     231
     209
     214
     215
     217
     234
     202
     249
     223
     220
     209
     237
     226
     259
     244
     226
     240
     240
     213
     231
     201
     225
     233
     228
     231
     223
     206
     234
     220
     225
     214
     228
     232
     217
     208
     198
     237
     230
     238
     218
     234
     216
     231
     234
     207
     205
     208
     194
     199
     236
     214
     258
     252
     233
     225
     226
     241
     188
     221
     248
     223
     259
     231
     237
     210
     232
     223
     206
     261
     221
     208
     196
     229
     227
     238
     225
     240
     259
     213
     232
     221
     250
     235
     216
     242
     240
     266
     245
     223
     223
     212
     215
     230
     244
     241
     224
     234
     278
     248
     232
     214
     223
     230
     260
     229
     246
     232
     238
     253
     264
     228
     243
     247
     270
     240
     260
     235
     237
     246
     232
     223
     239
     245
     233
     206
     266
     231
     211
     225
     237
     246
     256
     224
     220
     225
     208
     229
     221
     229
     225
     233
     210
     262
     236
     213
     215
     206
     222
     204
     222
     226
     197
     206
     243
     230
     219
     237
     254
     238
     223
     246
     211
     217
     222
     218
     217
     213
     211
     255
     236
     233
     217
     224
     219
     211
     224
     230
     220
     247
     221
     208
     229
     243
     244
     239
     214
     233
     216
     230
     218
     253
     225
     209
     214
     237
     219
     201
     219
     223
     211
     231
     251
     246
     214
     232
     213
     206
     226
     229
     214
     257
     234
     215
     237
     226
     250
     218
     223
     211
     230
     221
     197
     217
     232
     224
     206
     231
     266
     202
     219
     207
     219
     252
     241
     246
     225
     222
     222
     203
     234
     225
     234
     215
     208
     220
     226
     221
     221
     237
     224
     230
     224
     202
     246
     249
     219
     235
     234
     227
     202
     237
     199
     236
     225
     228
     224
     229
     222
     224
     249
     251
     234
     217
     237
     252
     212
     237
     233
     223
     235
     238
     220
     241
     239
     210
     232
     231
     233
     266
     232
     243
     230
     235
     198
     239
     206
     202
     255
     218
     219
     226
     240
     245
     246
     207
     232
     249
     211
     232
     245
     210
     227
     226
     208
     231
     231
     215
     226
     222
     232
     226
     241
     234
     201
     227
     224
     243
     231
     286
     261
     229
     251
     269
     266
     224
     250
     252
     248
     242
     251
     271
     250
     270
     234
     272
     258
     247
     273
     262
     262
     279
     276
     289
     274
     270
     278
     270
     263
     272
     298
     249
     305
     285
     272
     293
     291
     237
     306
     273
     312
     282
     297
     257
     307
     283
     283
     315
     295
     276
     267
     311
     317
     318
     294
     364
     258
     260
     296
     283
     275
     282
     321
     278
     296
     322
     271
     303
     273
     276
     279
     311
     271
     263
     268
     292
     294
     295
     275
     269
     265
     288
     284
     317
     260
     281
     255
     273
     284
     263
     281
     277
     271
     278
     289
     268
     231
     265
     268
     261
     247
     291
     240
     285
     269
     280
     258
     269
     268
     277
     270
     230
     249
     274
     263
     271
     285
     256
     252
     243
     233
     298
     260
     262
     262
     262
     250
     266
     273
     277
     274
     267
     267
     262
     263
     264
     273
     239
     241
     252
     270
     285
     254
     245
     282
     252
     233
     245
     238
     244
     248
     222
     248
     249
     278
     243
     277
     257
     242
     248
     262
     250
     267
     209
     260
     276
     239
     229
     241
     270
     259
     247
     252
     271
     219
     233
     252
     254
     231
     267
     251
     241
     256
     246
     251
     255
     268
     235
     238
     229
     246
     254
     229
     213
     249
     212
     238
     242
     213
     242
     245
     217
     235
     219
     241
     203
     219
     232
     253
     234
     227
     222
     236
     236
     254
     219
     237
     222
     230
     221
     222
     243
     220
     240
     223
     208
     235
     222
     250
     227
     209
     221
     247
     232
     213
     219
     222
     211
     203
     227
     242
     208
     246
     231
     235
     225
     256
     214
     218
     248
     216
     221
     213
     229
     238
     196
     226
     217
     264
     196
     226
     209
     223
     212
     215
     244
     201
     183
     209
     232
     212
     211
     216
     220
     206
     213
     198
     211
     225
     215
     211
     228
     211
     237
     201
     218
     202
     193
     229
     241
     208
     226
     212
     214
     196
     221
     219
     205
     209
     220
     208
     217
     206
     221
     206
     210
     222
     210
     200
     197
     206
     193
     213
     208
     214
     226
     242
     196
     198
     194
     199
     193
     230
     194
     196
     236
     211
     223
     206
     206
     211
     198
     205
     207
     189
     210
     214
     230
     219
     200
     218
     204
     226
     219
     205
     189
     193
     214
     224
     229
     212
     182
     208
     233
     207
     205
     241
     203
     186
     204
     204
     203
     206
     200
     213
     206
     196
     200
     235
     250
     192
     189
     214
     198
     229
     193
     195
     213
     187
     166
     223
     196
     205
     214
     216
     210
     203
     193
     188
     180
     199
     192
     212
     187
     201
     202
     203
     205
     186
     205
     226
     205
     187
     199
     192
     167
     204
     176
     171
     178
     177
     208
     206
     185
     154
     167
     157
     171
     162
     181
     153
     172
     178
     179
     179
     183
     148
     172
     171
     160
     164
     173
     169
     176
     156
     166
     165
     157
     164
     155
     163
     124
     151
     140
     115
     118
     146
     131
     127
     118
     117
     125
     155
     128
     113
     129
     131
     111
     120
     129
     110
     117
     135
     123
     108
     110
      98
     101
     108
     112
     102
     125
     108
      90
      87
      90
      94
     100
      91
     115
      98
     101
      98
      85
     112
      91
     101
     101
      91
      91
     118
     100
      85
      82
      94
      94
      89
      87
      83
      89
      93
      70
      71
      94
      86
      94
      88
      83
      84
      83
      83
      84
      72
      81
      70
      89
      73
      88
      73
      76
      81
      78
      68
      72
      81
      71
      93
      66
      72
      74
      68
      59
      62
      74
      85
      81
      81
      66
      78
      69
      81
      85
      60
      67
      75
      87
      69
      77
      75
      61
      75
      69
      88
      57
      58
      78
      68
      72
      63
      78
      69
      62
      71
      58
      66
      57
      61
      67
      66
      66
      78
      86
      65
      75
      78
      55
      67
      72
      66
      77
      64
      70
      70
      59
      77
      70
      59
      61
      73
      61
      66
      63
      71
      62
      70
      75
      65
      67
      46
      71
      60
      64
      68
      61
      67
      62
      84
      63
      70
      64
      56
      57
      66
      63
      67
      58
      54
      58
      54
      64
      53
      58
      61
      59
      64
      56
      62
      67
      68
      48
      66
      63
      60
      68
      62
      77
      60
      57
      52
      58
      59
      66
      60
      68
      53
      77
      56
      58
      55
      77
      75
      63
      58
      54
      70
      50
      59
      63
      53
      72
      58
      61
      51
      59
      59
      60
      60
      55
      60
      62
      74
      57
      59
      63
      56
      60
      64
      56
      56
      76
      63
      73
      60
      64
      65
      66
      56
      66
      69
      50
      84
      55
      64
      49
      76
      59
      71
      73
      75
      77
      57
      77
      78
      55
      73
      72
      66
      74
      76
      73
      77
      65
      66
      70
      69
      76
      79
      79
      63
      74
      75
     106
      74
      80
      67
      92
      88
      70
      88
      83
      91
      83
      94
     114
      93
     110
      81
     117
     118
     122
     123
     100
     116
     124
     118
     131
     118
     131
     135
     138
     141
     133
     141
     163
     158
     151
     148
     190
     167
     169
     168
     202
     203
     202
     201
     183
     223
     227
     243
     261
     242
     253
     252
     272
     283
     303
     283
     298
     293
     317
     307
     356
     350
     390
     368
     382
     385
     407
     429
     462
     461
     489
     457
     462
     523
     502
     498
     540
     514
     595
     530
     609
     579
     659
     614
     636
     634
     676
     685
     736
     692
     730
     743
     740
     791
     745
     799
     875
     866
     921
     928
     891
     926
     921
     939
     942
     994
    1081
     983
    1027
    1062
    1085
    1084
    1105
    1027
    1194
    1106
    1184
    1117
    1199
    1167
    1202
    1187
    1185
    1222
    1290
    1301
    1283
    1246
    1231
    1324
    1292
    1280
    1357
    1353
    1377
    1344
    1293
    1365
    1353
    1355
    1339
    1357
    1280
    1349
    1369
    1434
    1364
    1403
    1360
    1439
    1365
    1358
    1300
    1338
    1335
    1340
    1294
    1300
    1296
    1287
    1215
    1368
    1317
    1272
    1276
    1309
    1247
    1228
    1200
    1215
    1078
    1159
    1154
    1161
    1144
    1123
    1137
    1079
    1053
    1020
     973
    1085
     954
     938
    1003
     906
     947
     891
     833
     861
     883
     851
     797
     804
     809
     783
     755
     712
     735
     712
     706
     676
     619
     585
     613
     606
     574
     558
     528
     541
     544
     473
     483
     456
     465
     453
     454
     396
     413
     405
     387
     335
     353
     388
     349
     343
     350
     322
     313
     275
     262
     251
     275
     279
     235
     239
     232
     213
     202
     221
     215
     227
     183
     169
     169
     158
     145
     169
     137
     166
     154
     154
     138
     147
     140
     131
     113
     120
     145
      95
      97
      90
     113
     111
      83
      97
      89
      85
      89
      80
      80
      80
      92
      76
      73
      84
      57
      73
      62
      80
      65
      68
      62
      60
      61
      56
      62
      51
      74
      57
      57
      55
      67
      45
      47
      63
      42
      38
      50
      48
      44
      52
      49
      53
      38
      53
      41
      38
      48
      52
      46
      50
      38
      47
      32
      39
      49
      37
      42
      33
      60
      52
      44
      42
      47
      47
      40
      43
      49
      56
      42
      42
      44
      32
      42
      48
      40
      39
      44
      40
      49
      41
      47
      40
      40
      48
      50
      42
      43
      46
      38
      43
      43
      58
      40
      37
      41
      29
      51
      42
      35
      46
      50
      50
      44
      48
      40
      45
      40
      43
      50
      40
      42
      46
      44
      43
      37
      36
      45
      36
      41
      52
      53
      33
      44
      45
      51
      40
      34
      38
      43
      41
      41
      34
      48
      45
      42
      42
      36
      44
      39
      40
      48
      43
      46
      37
      37
      44
      32
      46
      42
      46
      44
      35
      42
      39
      43
      40
      32
      41
      50
      44
      39
      48
      33
      42
      52
      33
      33
      40
      32
      50
      39
      39
      45
      43
      31
      30
      41
      44
      43
      40
      38
      32
      48
      35
      34
      41
      49
      43
      44
      39
      42
      40
      48
      48
      50
      44
      49
      45
      46
      46
      52
      54
      44
      32
      38
      34
      43
      55
      49
      41
      51
      31
      41
      54
      25
      38
      44
      49
      46
      34
      50
      40
      33
      39
      39
      42
      42
      44
      37
      52
      46
      36
      41
      45
      40
      34
      38
      44
      30
      44
      46
      48
      44
      42
      38
      56
      58
      43
      39
      32
      47
      41
      31
      46
      56
      51
      50
      50
      48
      43
      41
      48
      50
      47
      47
      47
      51
      36
      48
      57
      46
      31
      47
      41
      53
      40
      50
      44
      48
      50
      50
      53
      47
      55
      61
      43
      51
      45
      54
      51
      46
      40
      49
      54
      41
      50
      55
      46
      42
      48
      47
      45
      58
      48
      48
      47
      55
      65
      49
      48
      64
      51
      50
      62
      52
      56
      52
      46
      62
      50
      54
      52
      53
      53
      51
      40
      33
      50
      58
      56
      45
      58
      69
      46
      52
      59
      46
      56
      44
      65
      53
      56
      57
      55
      65
      63
      54
      54
      47
      53
      57
      59
      57
      67
      57
      55
      58
      51
      55
      47
      57
      56
      59
      35
      51
      47
      55
      48
      48
      56
      50
      53
      48
      60
      61
      38
      49
      57
      45
      64
      55
      53
      65
      52
      53
      58
      57
      55
      62
      60
      42
      55
      45
      51
      70
      50
      38
      60
      50
      42
      41
      51
      46
      51
      43
      63
      45
      59
      50
      60
      46
      59
      45
      52
      46
      49
      58
      32
      48
      55
      51
      55
      54
      54
      58
      52
      43
      42
      56
      44
      59
      47
      47
      57
      46
      46
      41
      67
      55
      52
      46
      51
      47
      58
      53
      63
      51
      46
      56
      53
      43
      54
      56
      53
      45
      39
      48
      44
      45
      50
      57
      37
      42
      42
      56
      36
      40
      40
      50
      50
      53
      48
      51
      46
      48
      49
      67
      47
      41
      40
      40
      42
      44
      40
      40
      41
      60
      45
      42
      41
      43
      45
      48
      43
      39
      52
      37
      56
      46
      41
      41
      43
      45
      41
      45
      35
      54
      58
      45
      49
      55
      35
      34
      37
      32
      51
      54
      56
      43
      51
      51
      43
      48
      44
      53
      37
      35
      40
      36
      48
      42
      37
      42
      47
      48
      46
      37
      43
      42
      47
      48
      45
      41
      53
      52
      45
      38
      45
      46
      45
      46
      44
      54
      45
      48
      42
      48
      58
      50
      38
      43
      43
      40
      44
      44
      49
      42
      29
      36
      42
      50
      52
      44
      58
      51
      40
      41
      50
      36
      63
      45
      49
      45
      34
      45
      50
      42
      44
      45
      57
      50
      40
      43
      48
      50
      39
      37
      46
      37
      39
      37
      34
      53
      32
      29
      37
      37
      53
      45
      50
      45
      57
      46
      41
      56
      45
      41
      54
      40
      39
      27
      40
      42
      42
      46
      47
      39
      40
      49
      59
      56
      43
      46
      44
      44
      40
      46
      45
      51
      48
      35
      43
      50
      45
      34
      49
      37
      40
      45
      45
      57
      40
      58
      50
      51
      39
      37
      40
      43
      40
      42
      45
      41
      45
      37
      44
      42
      37
      37
      50
      42
      44
      47
      44
      36
      41
      40
      39
      48
      39
      42
      39
      50
      50
      33
      36
      39
      48
      47
      26
      43
      40
      46
      39
      50
      31
      44
      33
      47
      44
      49
      48
      45
      45
      36
      57
      36
      45
      44
      43
      34
      34
      35
      40
      34
      44
      47
      59
      41
      40
      42
      37
      57
      46
      56
      51
      39
      59
      48
      46
      49
      45
      48
      40
      53
      36
      41
      35
      44
      36
      33
      38
      40
      45
      48
      36
      56
      43
      41
      48
      45
      44
      41
      32
      51
      44
      49
      45
      52
      48
      40
      59
      44
      53
      40
      52
      44
      63
      44
      40
      40
      41
      51
      58
      43
      45
      40
      36
      43
      40
      43
      39
      36
      44
      32
      33
      38
      44
      44
      32
      52
      52
      48
      47
      47
      38
      49
      52
      39
      41
      49
      37
      52
      46
      50
      52
      42
      56
      48
      37
      46
      43
      31
      38
      50
      52
      44
      48
      52
      64
      47
      32
      36
      59
      50
      42
      46
      40
      48
      38
      44
      43
      34
      42
      44
      44
      41
      43
      58
      53
      43
      46
      38
      45
      52
      47
      36
      51
      48
      47
      32
      41
      57
      38
      56
      41
      42
      42
      46
      42
      47
      50
      44
      41
      47
      51
      42
      45
      48
      48
      44
      58
      48
      41
      44
      38
      40
      38
      40
      48
      52
      52
      56
      42
      63
      37
      55
      39
      35
      44
      36
      44
      46
      47
      58
      45
      48
      49
      48
      43
      37
      45
      31
      31
      42
      41
      38
      56
      49
      41
      39
      36
      46
      36
      43
      43
      45
      51
      43
      45
      50
      40
      53
      48
      52
      53
      42
      54
      43
      37
      51
      40
      40
      42
      51
      49
      44
      49
      45
      49
      62
      43
      40
      46
      45
      48
      47
      31
      44
      64
      47
      42
      33
      52
      47
      38
      50
      40
      49
      39
      42
      43
      56
      39
      50
      52
      43
      51
      48
      42
      38
      49
      48
      42
      49
      35
      40
      51
      41
      46
      44
      55
      45
      36
      47
      41
      44
      46
      46
      38
      46
      50
      39
      54
      50
      41
      54
      43
      47
      49
      47
      48
      51
      53
      49
      44
      49
      48
      53
      60
      51
      48
      54
      43
      54
      43
      40
      49
      38
      39
      39
      48
      44
      62
      44
      39
      44
      39
      39
      46
      45
      34
      44
      62
      47
      44
      48
      42
      50
      46
      35
      45
      44
      50
      52
      44
      58
      54
      45
      51
      41
      47
      34
      39
      47
      52
      49
      49
      40
      51
      39
      54
      50
      48
      45
      52
      54
      36
      46
      45
      54
      44
      42
      40
      42
      32
      41
      35
      35
      38
      47
      52
      50
      39
      43
      47
      39
      43
      43
      48
      42
      43
      55
      48
      46
      36
      48
      50
      59
      56
      48
      41
      47
      31
      62
      52
      52
      46
      51
      49
      38
      49
      50
      37
      42
      52
      41
      42
      39
      51
      37
      44
      46
      47
      39
      32
      36
      30
      39
      52
      55
      57
      48
      40
      43
      57
      57
      36
      45
      35
      41
      49
      51
      59
      42
      45
      30
      34
      46
      44
      48
      34
      46
      40
      42
      44
      44
      46
      41
      39
      49
      36
      33
      57
      40
      42
      39
      37
      35
      36
      39
      43
      42
      37
      30
      43
      36
      42
      43
      36
      40
      38
      49
      37
      42
      29
      34
      32
      42
      45
      40
      33
      50
      29
      29
      28
      32
      25
      36
      28
      32
      30
      32
      38
      37
      35
      34
      23
      38
      29
      34
      35
      33
      35
      27
      31
      33
      31
      27
      32
      30
      23
      36
      20
      31
      34
      32
      16
      35
      25
      28
      33
      22
      35
      30
      25
      29
      30
      31
      41
      31
      27
      22
      27
      33
      22
      23
      23
      28
      28
      25
      29
      27
      33
      31
      24
      17
      33
      25
      29
      28
      23
      39
      25
      17
      28
      23
      27
      32
      17
      18
      22
      28
      19
      31
      21
      24
      22
      21
      20
      16
      19
      23
      16
      25
      32
      27
      26
      20
      26
      23
      18
      18
      22
      24
      32
      17
      32
      12
      17
      19
      21
      28
      18
      20
      24
      19
      18
      21
      20
      16
      20
      18
      20
      25
      24
      24
      29
      18
      25
      17
      24
      20
      23
      25
      18
      16
      13
      19
      16
      15
      31
      17
      19
      25
      16
      15
      14
      20
      27
      18
      23
      25
      18
      22
      16
      15
      26
      23
      19
      22
      17
      19
      29
      18
      18
      20
      25
      21
      26
      21
      20
      18
      19
      17
      17
      25
      14
      13
      24
      19
      19
      18
      21
       9
       9
      14
      13
      13
      24
      20
      15
      20
      15
      25
      12
      16
      10
      26
      14
      14
      20
      19
      27
      13
      17
      15
      15
      19
      15
      21
      17
      17
      17
      11
      16
      22
      16
      11
      22
      15
      22
      19
      16
      13
      13
       9
      23
      17
      20
      19
      18
      15
      20
      13
      18
      15
      17
      20
      16
      15
      19
      15
      28
       8
      25
      13
      18
      19
      16
      13
      10
      11
      11
      19
      18
      19
      15
      33
      11
      12
      12
      18
      23
      15
      16
      13
       8
      13
      20
      22
      17
      13
      16
      21
      21
      11
      12
      21
      15
      24
      18
      21
      17
      14
      18
      16
      14
      16
      13
      20
      15
      14
      23
      15
      24
      17
      15
      21
      15
      16
      18
      19
      18
      18
      15
      24
      27
      23
      30
      25
      24
      16
      18
      19
      23
      25
      21
      18
      19
      19
      26
      15
      27
      17
      25
      27
      23
      30
      21
      19
      24
      23
      17
      22
      16
      22
      27
      13
      23
      39
      26
      28
      29
      33
      33
      23
      31
      25
      32
      21
      27
      25
      28
      39
      31
      20
      30
      32
      45
      37
      27
      30
      45
      39
      35
      32
      35
      35
      41
      43
      37
      42
      37
      39
      39
      38
      32
      35
      37
      31
      43
      43
      36
      40
      36
      46
      44
      44
      42
      51
      40
      44
      55
      61
      64
      53
      51
      58
      49
      49
      56
      65
      54
      50
      53
      67
      60
      52
      62
      65
      49
      64
      74
      60
      74
      74
      72
      81
      60
      63
      67
      59
      65
      72
      81
      68
      69
      80
      70
      70
      79
      90
      76
      94
      76
      77
      84
      90
      87
      92
      90
      77
      79
     101
      89
      81
     103
      83
     111
      95
      98
     101
      93
     104
     107
     105
     106
     114
     116
     101
     109
      72
     103
     110
      85
     107
     103
      97
     124
     110
      88
     118
     115
     104
     124
     112
     101
     129
     112
     132
     128
     129
      95
     108
     140
     124
      98
     120
     125
     140
     122
     106
     131
     123
      93
     140
     145
     131
     127
     130
     157
     135
     128
     136
     123
     148
     129
     123
     123
     151
     134
     126
     121
     128
     150
     140
     122
     122
     126
     121
     117
     120
     136
     118
     120
     110
     146
     138
     117
     130
     127
     123
     149
     115
     136
     138
     150
     148
     123
     130
     125
     143
     135
     114
     123
     115
     136
     107
     116
     109
     129
     115
     141
     115
     121
     122
     108
     122
     128
     124
     111
     124
     118
     108
     110
     105
     131
     102
     105
     119
     108
      94
     113
     115
     114
     128
     113
     117
     100
      92
     103
      95
     108
     102
      94
     115
     113
      86
     117
      93
     106
      88
      85
      91
      84
      79
      78
     100
      92
      98
      72
      90
     101
     106
      73
      82
      80
      78
      60
      71
      84
      81
      82
      74
      73
      72
      80
      60
      74
      60
      92
      61
      93
      83
      66
      80
      55
      71
      53
      61
      69
      52
      54
      59
      68
      67
      69
      61
      74
      63
      61
      53
      57
      54
      66
      56
      58
      55
      54
      40
      46
      43
      60
      60
      51
      44
      55
      36
      43
      41
      48
      44
      40
      39
      41
      37
      37
      26
      49
      47
      27
      46
      36
      33
      40
      43
      36
      33
      26
      36
      36
      18
      37
      33
      33
      25
      27
      38
      20
      26
      30
      21
      28
      24
      33
      29
      35
      19
      22
      25
      27
      29
      30
      23
      23
      26
      19
      33
      16
      24
      25
      31
      22
      25
      23
      22
      21
      22
      18
      21
      20
      23
      19
      21
      19
      26
      23
      23
      25
      16
      15
      11
      18
      16
      18
      21
      17
      17
      16
      25
      22
      21
      15
      15
      21
      17
      17
      14
      17
      22
      12
      12
      15
      11
      11
       9
      22
      16
      14
      25
      16
      18
      20
      10
      14
      17
      19
      24
      17
      13
      12
      10
      14
      12
      14
      12
      12
      15
      16
      14
      17
      13
      14
      24
      13
      18
      21
       9
      13
      15
      24
      19
      14
      19
      21
      14
      17
      15
      20
      11
      13
      10
       7
      17
      16
      11
       9
      24
      10
      14
       9
      15
      12
      13
      11
      25
      15
      13
      12
      11
      20
      14
      10
      18
      10
      15
      11
      16
       7
      12
      14
      13
      15
      11
      17
       9
      14
      18
      11
      12
      14
      22
      14
      20
      17
      12
      11
       9
      18
      14
      15
      10
      17
      14
      19
      10
      17
      11
      15
      12
      17
      17
      21
      11
       8
      18
      15
      12
      20
      15
      14
      11
      15
      13
      19
      12
      15
      16
      11
      12
       5
      17
      17
      17
      18
      20
      19
      14
       9
      18
       8
      18
      23
      12
      12
      17
      14
      23
      16
       8
      22
      14
      11
      16
      19
      12
      13
       7
      21
      13
       7
      11
      18
      17
       9
      19
      15
      18
      13
      16
       7
      18
      13
      16
      14
      16
      16
      11
      18
      13
       9
      15
      13
      15
      12
      18
      16
      14
      16
       9
       9
      15
      13
      14
      19
      16
       9
      14
      19
      16
      14
      11
      14
      25
      17
      17
      15
      11
      22
      16
      19
      15
       9
      10
      18
      21
       5
      16
      17
      18
      18
      20
      15
      18
      16
      13
      14
      22
      13
      13
      12
      15
      21
      14
      19
      14
      12
      12
      16
      15
      11
       9
      16
      14
       9
      15
       9
      13
      18
      18
      17
      14
      18
       9
       9
      14
      12
      17
      11
      15
      14
      22
      20
      19
      14
      14
      15
      13
      13
      12
      13
      17
      13
       9
       9
      16
      14
      19
      21
      14
      13
      18
      14
      15
      10
      11
      11
       9
      15
      15
      20
      10
      18
      22
      12
      22
      15
      13
      17
      17
      13
      18
      14
      14
      14
      18
      19
      10
      20
      20
      12
      18
      10
      13
      16
      24
      12
      12
      12
      13
      20
      17
      15
      15
      14
      18
      15
      19
      17
      13
       6
       9
      14
      14
      15
      17
      16
      13
      15
      20
      20
      11
       9
       9
      11
      20
      18
      11
      12
      14
      12
      15
      16
      19
      11
       9
      19
      13
      18
      12
      20
      18
      20
      15
      15
      10
      18
      12
      13
      18
      10
      11
      17
      15
      21
      19
      13
      16
      17
       9
      13
      14
      20
      11
       9
      16
      17
      15
      12
      15
      16
      21
      15
      15
      13
      17
      19
      13
      19
      13
       5
      15
      12
      14
      14
      15
      15
      10
       9
      15
      13
      12
      17
      13
      18
       7
      10
      11
      10
      10
      19
       5
      17
      18
      13
      14
      12
      10
       6
      19
      13
      13
       8
       6
      19
      15
      10
       8
       9
      10
      11
      14
       9
      12
      10
       8
      11
      13
      12
      12
      11
      15
       9
      14
       9
      18
      15
      16
       6
       7
       4
       4
       0
       0
       0
       0
       0
       0
       0
       0
       0
       0
       1
       0
       0
       2
       1
       0
       1
       1
       1
       0
       0
       0
       0
       0
       0
       0
       0
       0
       1
       0
       0
       1
       0
       0
       0
       0
       0
       0
       0
       0
       0
       0
       0
       0
       0
       1
       0
       0
       0
       1
       1
       0
       0
       0
       0
       0
       0
       0
       0
       0
       1
       1
       0
       0
       0
       0
       0
       0
       0
       0
       0
       0
       0
       0
       0
       0
       0
       0
       0
       0
       0
       0
       0
       0
       0
       0
       0
       0
       0
       0
       0
       0
       0
       0
       0
       0
       0
       0
       0
       2
       0
       0
       0
       0
       0
       0
       1
       0
       0
       0
       0
       0
       0
       0
       1
       0
       0
       0
       0
       0
       0
       0
       0
       0
       0
       0
       0
       0
       0
       0
       0
       0
       0
       0
       0
       0
       0
       0
       0
       0
       0
       0
       0
       0
       0
       0
       0
       0
       0
       0
       0
       0
       0
       0
       0
       0
       0
       0
       0
       0
       0
       0
       0
       0
       0
       0
       0
       0
       0
       0
       0
       0
       0
       0
       0
       0
       0
       0
       0
       0
       0
       0
       0
       0
       0
       0
       0
       0
       0
       0
       0
       0
       0
       0
       0
       0
       0
       0
       0
       0
       0
       0
       0
       0
       0
       0
       0
       0
       0
       0
       0
       0
       0
       0
       0
       0
       0
       0
       0
       0
       0
       0
       0
       0
       0
       0
       0
       0
       0
       0
       0
       0
       0
       0
       0
       0
       0
       0
       0
       0
       0
       0
       0
       0
       0
       0
       0
       0
       0
       0
       0
       0
       0
       0
       0
       0
       0
       0
       0
       0
       0
       0
       0
       0
       0
       0
       0
       0
       0
       0
       0
       0
       0
       0
       0
       0
       0
       0
       0
       0
       0
$ROI:
2
1162 1430
2947 3300
$PRESETS:
None
0
0
$ENER_FIT:
-38.429451 0.420540
$MCA_CAL:
3
-3.842945E+001 4.205404E-001 0.000000E+000 keV
$SHAPE_CAL:
3
-1.865504E+002 1.166105E-001 0.000000E+000
